# Blender 4.4.3
# www.blender.org
o 梦左手
v 0.161043 -1.111117 -0.143282
v 0.107605 -1.161505 -0.224882
v 0.037786 -1.231754 -0.272245
v 0.000000 -1.271061 -0.280596
v -0.037786 -1.311170 -0.278162
v -0.107605 -1.387663 -0.241732
v 0.197731 -1.095692 -0.039364
v 0.194179 -1.110497 -0.092380
v 0.183165 -1.132275 -0.141846
v 0.165111 -1.160191 -0.185861
v 0.140713 -1.193170 -0.222733
v 0.110907 -1.229946 -0.251046
v 0.076839 -1.269106 -0.269711
v 0.039818 -1.309144 -0.278011
v 0.001267 -1.348522 -0.275628
v -0.037333 -1.385727 -0.262652
v -0.074498 -1.419328 -0.239583
v -0.108800 -1.448035 -0.207307
v -0.138921 -1.470745 -0.167064
v -0.163703 -1.486584 -0.120401
v -0.182195 -1.494944 -0.069111
v 0.205201 -1.102993 -0.036776
v 0.208831 -1.124818 -0.087303
v 0.204436 -1.153066 -0.134475
v 0.192185 -1.186653 -0.176479
v 0.172548 -1.224286 -0.211701
v 0.146280 -1.264521 -0.238788
v 0.114391 -1.305810 -0.256698
v 0.078106 -1.346567 -0.264744
v 0.038819 -1.385226 -0.262615
v -0.001959 -1.420301 -0.250394
v -0.042663 -1.450444 -0.228551
v -0.081726 -1.474497 -0.197925
v -0.117649 -1.491536 -0.159693
v -0.149051 -1.500905 -0.115323
v -0.174725 -1.502245 -0.066522
v 0.212085 -1.109884 -0.032202
v 0.222335 -1.138336 -0.078332
v 0.224040 -1.172692 -0.121451
v 0.217136 -1.211631 -0.159903
v 0.201888 -1.253658 -0.192210
v 0.178881 -1.297157 -0.217130
v 0.149000 -1.340456 -0.233707
v 0.113392 -1.381892 -0.241302
v 0.073428 -1.419872 -0.239624
v 0.030641 -1.452937 -0.228737
v -0.013323 -1.479816 -0.209060
v -0.056775 -1.499476 -0.181349
v -0.098045 -1.511161 -0.146669
v -0.135548 -1.514423 -0.106353
v -0.167841 -1.509136 -0.061949
v 0.218119 -1.116102 -0.025820
v 0.234171 -1.150532 -0.065812
v 0.241223 -1.190397 -0.103276
v 0.239006 -1.234166 -0.136770
v 0.227604 -1.280156 -0.165009
v 0.207455 -1.326600 -0.186906
v 0.179334 -1.371713 -0.201620
v 0.144321 -1.413761 -0.208587
v 0.103762 -1.451129 -0.207537
v 0.059215 -1.482380 -0.198512
v 0.012393 -1.506314 -0.181859
v -0.034905 -1.522011 -0.158216
v -0.080862 -1.528867 -0.128494
v -0.123712 -1.526619 -0.093833
v -0.161807 -1.515354 -0.055567
v 0.223071 -1.121406 -0.017874
v 0.243884 -1.160937 -0.050225
v 0.255325 -1.205503 -0.080647
v 0.256954 -1.253391 -0.107969
v 0.248709 -1.302763 -0.131142
v 0.230906 -1.351719 -0.149275
v 0.204229 -1.398379 -0.161672
v 0.169704 -1.440950 -0.167856
v 0.128657 -1.477795 -0.167589
v 0.082666 -1.507499 -0.160882
v 0.033498 -1.528921 -0.147992
v -0.016957 -1.541236 -0.129415
v -0.066760 -1.543972 -0.105865
v -0.113998 -1.537024 -0.078246
v -0.156855 -1.520658 -0.047620
v 0.193685 -1.088430 0.015165
v 0.226750 -1.125593 -0.008669
v 0.251102 -1.169150 -0.032170
v 0.265804 -1.217427 -0.054434
v 0.270291 -1.268568 -0.074607
v 0.264391 -1.320609 -0.091912
v 0.248331 -1.371548 -0.105686
v 0.222727 -1.419430 -0.115397
v 0.188565 -1.462413 -0.120675
v 0.147155 -1.498846 -0.121314
v 0.100091 -1.527329 -0.117292
v 0.049180 -1.546767 -0.108762
v -0.003620 -1.556413 -0.096053
v -0.056282 -1.555896 -0.079652
v -0.106781 -1.545237 -0.060191
v -0.153176 -1.524845 -0.038416
v 0.229016 -1.128503 0.001440
v 0.255546 -1.174857 -0.012340
v 0.272256 -1.225712 -0.025645
v 0.278504 -1.279113 -0.037965
v 0.274048 -1.333008 -0.048826
v 0.259061 -1.385326 -0.057811
v 0.234119 -1.434056 -0.064574
v 0.200179 -1.477326 -0.068856
v 0.158547 -1.513473 -0.070491
v 0.110822 -1.541107 -0.069418
v 0.058838 -1.559166 -0.065677
v 0.004592 -1.566958 -0.059411
v -0.049829 -1.564182 -0.050863
v -0.102336 -1.550944 -0.040360
v -0.150910 -1.527755 -0.028306
v 0.229781 -1.130022 0.012066
v 0.257047 -1.177838 0.008503
v 0.274435 -1.230040 0.004614
v 0.281277 -1.284622 0.000547
v 0.277309 -1.339485 -0.003540
v 0.262685 -1.392523 -0.007492
v 0.237965 -1.441697 -0.011156
v 0.204101 -1.485116 -0.014391
v 0.162393 -1.521113 -0.017073
v 0.114445 -1.548304 -0.019099
v 0.062098 -1.565643 -0.020391
v 0.007365 -1.572466 -0.020899
v -0.047650 -1.568509 -0.020604
v -0.100835 -1.553925 -0.019517
v -0.150145 -1.529274 -0.017681
v 0.229016 -1.130094 0.022799
v 0.255546 -1.177979 0.029558
v 0.272256 -1.230244 0.035180
v 0.278504 -1.284881 0.039451
v 0.274048 -1.339791 0.042205
v 0.259061 -1.392863 0.043338
v 0.234119 -1.442057 0.042805
v 0.200179 -1.485483 0.040627
v 0.158547 -1.521473 0.036888
v 0.110822 -1.548643 0.031731
v 0.058838 -1.565949 0.025355
v 0.004592 -1.572726 0.018005
v -0.049829 -1.568713 0.009962
v -0.102336 -1.554066 0.001537
v -0.150910 -1.529346 -0.006947
v 0.226750 -1.128715 0.033228
v 0.251102 -1.175273 0.050015
v 0.265804 -1.226316 0.064879
v 0.270291 -1.279882 0.077250
v 0.264391 -1.333913 0.086653
v 0.248331 -1.386331 0.092725
v 0.222727 -1.435123 0.095235
v 0.188565 -1.478414 0.094084
v 0.147155 -1.514539 0.089318
v 0.100091 -1.542112 0.081119
v 0.049180 -1.560071 0.069803
v -0.003620 -1.567727 0.055804
v -0.056282 -1.564786 0.039661
v -0.106781 -1.551360 0.021994
v -0.153176 -1.527967 0.003482
v 0.223071 -1.125938 0.042952
v 0.243884 -1.169826 0.069088
v 0.255325 -1.218408 0.092569
v 0.256954 -1.269817 0.112493
v 0.248709 -1.322077 0.128094
v 0.230906 -1.373180 0.138773
v 0.204229 -1.421162 0.144118
v 0.169704 -1.464179 0.143925
v 0.128657 -1.500578 0.138201
v 0.082666 -1.528961 0.127166
v 0.033498 -1.548235 0.111244
v -0.016957 -1.557662 0.091047
v -0.066761 -1.556878 0.067351
v -0.113998 -1.545913 0.041067
v -0.156855 -1.525190 0.013205
v 0.218119 -1.121870 0.051596
v 0.234170 -1.161846 0.086045
v 0.241223 -1.206823 0.117187
v 0.239006 -1.255072 0.143825
v 0.227604 -1.304739 0.164937
v 0.207455 -1.353915 0.179710
v 0.179334 -1.400710 0.187577
v 0.144321 -1.443327 0.188235
v 0.103762 -1.480126 0.181660
v 0.059215 -1.509695 0.168103
v 0.012393 -1.530897 0.148087
v -0.034905 -1.542917 0.122379
v -0.080862 -1.545292 0.091969
v -0.123712 -1.537933 0.058024
v -0.161807 -1.521122 0.021849
v 0.212085 -1.116667 0.058829
v 0.222335 -1.151640 0.100233
v 0.224040 -1.192007 0.137785
v 0.217136 -1.236214 0.170042
v 0.201888 -1.282564 0.195765
v 0.178881 -1.329276 0.213964
v 0.149000 -1.374553 0.223941
v 0.113392 -1.416657 0.225311
v 0.073428 -1.453970 0.218024
v 0.030641 -1.485056 0.202357
v -0.013323 -1.508722 0.178915
v -0.056775 -1.524059 0.148596
v -0.098045 -1.530476 0.112567
v -0.135548 -1.527727 0.072213
v -0.167841 -1.515919 0.029083
v 0.205201 -1.110529 0.064373
v 0.208831 -1.139601 0.111108
v 0.204436 -1.174528 0.153573
v 0.192185 -1.213968 0.190137
v 0.172548 -1.256405 0.219393
v 0.146280 -1.300210 0.240219
v 0.114391 -1.343697 0.251812
v 0.078106 -1.385196 0.253729
v 0.038819 -1.423113 0.245895
v -0.001959 -1.455990 0.228612
v -0.042663 -1.482563 0.202543
v -0.081726 -1.501812 0.168691
v -0.117649 -1.512997 0.128355
v -0.149051 -1.515688 0.083088
v -0.174725 -1.509781 0.034627
v 0.197731 -1.103692 0.068015
v 0.194179 -1.126190 0.118252
v 0.183165 -1.155059 0.163944
v 0.165111 -1.189188 0.203336
v 0.140713 -1.227268 0.234914
v 0.110907 -1.267833 0.257465
v 0.076839 -1.309327 0.270121
v 0.039818 -1.350153 0.272396
v 0.001267 -1.388743 0.264204
v -0.037333 -1.423614 0.245858
v -0.074498 -1.453426 0.218064
v -0.108800 -1.477033 0.181890
v -0.138921 -1.493528 0.138726
v -0.163703 -1.502277 0.090231
v -0.182195 -1.502944 0.038269
v 0.189963 -1.096419 0.069615
v 0.178941 -1.111924 0.121390
v 0.161043 -1.134347 0.168499
v 0.136956 -1.162827 0.209134
v 0.107605 -1.196271 0.241732
v 0.074120 -1.233391 0.265040
v 0.037786 -1.272763 0.278162
v -0.000000 -1.312873 0.280595
v -0.037786 -1.352179 0.272245
v -0.074120 -1.389172 0.253433
v -0.107605 -1.422428 0.224881
v -0.136956 -1.450672 0.187688
v -0.161043 -1.472816 0.143281
v -0.178941 -1.488011 0.093369
v -0.189963 -1.495671 0.039868
v 0.182195 -1.088990 0.069111
v 0.163703 -1.097350 0.120401
v 0.138921 -1.113189 0.167064
v 0.108800 -1.135898 0.207307
v 0.074498 -1.164605 0.239583
v 0.037333 -1.198207 0.262652
v -0.001267 -1.235412 0.275628
v -0.039818 -1.274790 0.278011
v -0.076839 -1.314828 0.269711
v -0.110907 -1.353987 0.251046
v -0.140713 -1.390764 0.222733
v -0.165111 -1.423743 0.185861
v -0.183165 -1.451658 0.141846
v -0.194179 -1.473437 0.092380
v -0.197731 -1.488242 0.039364
v 0.174725 -1.081689 0.066522
v 0.149051 -1.083029 0.115323
v 0.117649 -1.092398 0.159693
v 0.081726 -1.109436 0.197925
v 0.042663 -1.133489 0.228551
v 0.001959 -1.163633 0.250394
v -0.038819 -1.198708 0.262615
v -0.078106 -1.237366 0.264743
v -0.114391 -1.278124 0.256698
v -0.146280 -1.319413 0.238788
v -0.172548 -1.359647 0.211701
v -0.192185 -1.397281 0.176479
v -0.204436 -1.430867 0.134475
v -0.208831 -1.459116 0.087303
v -0.205201 -1.480941 0.036776
v 0.167841 -1.074797 0.061949
v 0.135548 -1.069510 0.106353
v 0.098045 -1.072772 0.146669
v 0.056775 -1.084458 0.181349
v 0.013323 -1.104118 0.209060
v -0.030641 -1.130997 0.228737
v -0.073428 -1.164061 0.239624
v -0.113392 -1.202042 0.241301
v -0.149000 -1.243478 0.233707
v -0.178881 -1.286777 0.217130
v -0.201888 -1.330276 0.192210
v -0.217136 -1.372302 0.159903
v -0.224040 -1.411242 0.121451
v -0.222335 -1.445597 0.078332
v -0.212085 -1.474049 0.032202
v 0.161807 -1.068580 0.055567
v 0.123712 -1.057315 0.093833
v 0.080862 -1.055067 0.128494
v 0.034905 -1.061923 0.158216
v -0.012393 -1.077620 0.181859
v -0.059215 -1.101553 0.198512
v -0.103762 -1.132805 0.207537
v -0.144321 -1.170173 0.208587
v -0.179334 -1.212221 0.201620
v -0.207455 -1.257334 0.186906
v -0.227604 -1.303778 0.165008
v -0.239006 -1.349767 0.136770
v -0.241223 -1.393536 0.103276
v -0.234171 -1.433402 0.065812
v -0.218119 -1.467832 0.025820
v -0.193685 -1.495504 -0.015165
v 0.156855 -1.063276 0.047620
v 0.113998 -1.046910 0.078246
v 0.066761 -1.039962 0.105865
v 0.016957 -1.042698 0.129415
v -0.033498 -1.055013 0.147992
v -0.082666 -1.076434 0.160882
v -0.128657 -1.106139 0.167589
v -0.169704 -1.142984 0.167856
v -0.204229 -1.185555 0.161672
v -0.230906 -1.232215 0.149275
v -0.248709 -1.281171 0.131142
v -0.256954 -1.330542 0.107969
v -0.255325 -1.378431 0.080647
v -0.243884 -1.422997 0.050225
v -0.223070 -1.462528 0.017874
v 0.153176 -1.059088 0.038416
v 0.106781 -1.038696 0.060191
v 0.056282 -1.028037 0.079652
v 0.003620 -1.027521 0.096053
v -0.049180 -1.037167 0.108762
v -0.100091 -1.056605 0.117292
v -0.147155 -1.085088 0.121314
v -0.188565 -1.121521 0.120674
v -0.222727 -1.164504 0.115397
v -0.248331 -1.212385 0.105685
v -0.264391 -1.263325 0.091912
v -0.270291 -1.315365 0.074607
v -0.265804 -1.366507 0.054434
v -0.251102 -1.414783 0.032170
v -0.226750 -1.458340 0.008669
v 0.150910 -1.056179 0.028306
v 0.102336 -1.032989 0.040360
v 0.049829 -1.019752 0.050863
v -0.004592 -1.016976 0.059411
v -0.058837 -1.024767 0.065676
v -0.110822 -1.042827 0.069418
v -0.158547 -1.070461 0.070491
v -0.200179 -1.106608 0.068856
v -0.234119 -1.149877 0.064574
v -0.259061 -1.198607 0.057811
v -0.274048 -1.250925 0.048826
v -0.278504 -1.304820 0.037965
v -0.272256 -1.358221 0.025645
v -0.255546 -1.409076 0.012340
v -0.229016 -1.455431 -0.001440
v 0.150145 -1.054659 0.017681
v 0.100835 -1.030008 0.019517
v 0.047650 -1.015424 0.020604
v -0.007365 -1.011467 0.020899
v -0.062098 -1.018290 0.020391
v -0.114445 -1.035630 0.019099
v -0.162393 -1.062821 0.017073
v -0.204101 -1.098818 0.014391
v -0.237965 -1.142237 0.011156
v -0.262684 -1.191410 0.007492
v -0.277309 -1.244448 0.003540
v -0.281277 -1.299312 -0.000547
v -0.274435 -1.353894 -0.004614
v -0.257047 -1.406095 -0.008503
v -0.229781 -1.453911 -0.012066
v 0.150910 -1.054588 0.006947
v 0.102336 -1.029868 -0.001537
v 0.049829 -1.015220 -0.009962
v -0.004592 -1.011208 -0.018005
v -0.058837 -1.017985 -0.025355
v -0.110822 -1.035291 -0.031731
v -0.158547 -1.062461 -0.036888
v -0.200179 -1.098451 -0.040627
v -0.234119 -1.141877 -0.042805
v -0.259061 -1.191071 -0.043338
v -0.274048 -1.244143 -0.042205
v -0.278504 -1.299052 -0.039451
v -0.272256 -1.353690 -0.035180
v -0.255546 -1.405955 -0.029558
v -0.229016 -1.453840 -0.022799
v 0.153176 -1.055967 -0.003481
v 0.106781 -1.032573 -0.021994
v 0.056282 -1.019148 -0.039661
v 0.003620 -1.016207 -0.055804
v -0.049180 -1.023863 -0.069803
v -0.100091 -1.041822 -0.081119
v -0.147155 -1.069394 -0.089318
v -0.188564 -1.105520 -0.094084
v -0.222727 -1.148811 -0.095235
v -0.248331 -1.197603 -0.092725
v -0.264391 -1.250021 -0.086653
v -0.270291 -1.304051 -0.077250
v -0.265804 -1.357617 -0.064879
v -0.251102 -1.408660 -0.050015
v -0.226750 -1.455219 -0.033228
v 0.156855 -1.058744 -0.013205
v 0.113998 -1.038020 -0.041067
v 0.066761 -1.027056 -0.067351
v 0.016957 -1.026272 -0.091047
v -0.033498 -1.035698 -0.111244
v -0.082666 -1.054973 -0.127166
v -0.128657 -1.083355 -0.138201
v -0.169704 -1.119755 -0.143925
v -0.204229 -1.162771 -0.144118
v -0.230906 -1.210753 -0.138773
v -0.248709 -1.261856 -0.128094
v -0.256954 -1.314116 -0.112493
v -0.255325 -1.365525 -0.092569
v -0.243884 -1.414107 -0.069088
v -0.223070 -1.457996 -0.042952
v 0.161807 -1.062812 -0.021849
v 0.123712 -1.046000 -0.058024
v 0.080862 -1.038641 -0.091969
v 0.034905 -1.041017 -0.122379
v -0.012393 -1.053037 -0.148087
v -0.059215 -1.074238 -0.168103
v -0.103762 -1.103807 -0.181660
v -0.144321 -1.140607 -0.188235
v -0.179334 -1.183223 -0.187577
v -0.207455 -1.230019 -0.179710
v -0.227604 -1.279195 -0.164937
v -0.239006 -1.328861 -0.143825
v -0.241223 -1.377110 -0.117187
v -0.234170 -1.422087 -0.086045
v -0.218119 -1.462064 -0.051596
v 0.167841 -1.068015 -0.029083
v 0.135548 -1.056206 -0.072213
v 0.098045 -1.053458 -0.112567
v 0.056775 -1.059875 -0.148596
v 0.013323 -1.075211 -0.178915
v -0.030641 -1.098878 -0.202357
v -0.073428 -1.129964 -0.218024
v -0.113392 -1.167276 -0.225311
v -0.148999 -1.209380 -0.223941
v -0.178881 -1.254658 -0.213964
v -0.201888 -1.301369 -0.195765
v -0.217136 -1.347719 -0.170042
v -0.224040 -1.391927 -0.137785
v -0.222335 -1.432293 -0.100233
v -0.212085 -1.467267 -0.058829
v 0.174725 -1.074153 -0.034627
v 0.149051 -1.068246 -0.083088
v 0.117650 -1.070937 -0.128355
v 0.081726 -1.082121 -0.168691
v 0.042663 -1.101370 -0.202543
v 0.001959 -1.127944 -0.228612
v -0.038819 -1.160820 -0.245895
v -0.078106 -1.198737 -0.253729
v -0.114391 -1.240237 -0.251812
v -0.146280 -1.283724 -0.240219
v -0.172548 -1.327528 -0.219393
v -0.192185 -1.369966 -0.190137
v -0.204436 -1.409406 -0.153573
v -0.208831 -1.444333 -0.111108
v -0.205201 -1.473405 -0.064373
v 0.182195 -1.080989 -0.038269
v 0.163703 -1.081657 -0.090231
v 0.138921 -1.090406 -0.138726
v 0.108800 -1.106901 -0.181890
v 0.074498 -1.130508 -0.218064
v 0.037333 -1.160320 -0.245858
v -0.001267 -1.195191 -0.264204
v -0.039818 -1.233781 -0.272396
v -0.076839 -1.274607 -0.270121
v -0.110907 -1.316100 -0.257465
v -0.140713 -1.356666 -0.234914
v -0.165111 -1.394745 -0.203336
v -0.183165 -1.428875 -0.163944
v -0.194179 -1.457744 -0.118252
v -0.197731 -1.480241 -0.068015
v 0.189963 -1.088262 -0.039868
v 0.178941 -1.095923 -0.093369
v 0.136956 -1.133262 -0.187688
v 0.074120 -1.194762 -0.253433
v -0.074120 -1.350542 -0.265040
v -0.136956 -1.421106 -0.209134
v -0.161043 -1.449587 -0.168499
v -0.178941 -1.472010 -0.121390
v -0.189963 -1.487514 -0.069615
v 0.025624 0.002963 -0.180510
v 0.033954 -1.223319 -0.148063
v 0.063916 0.003357 -0.171609
v 0.065285 -1.222997 -0.140779
v 0.099754 0.003716 -0.155864
v 0.094607 -1.222703 -0.127897
v 0.131759 0.004027 -0.133881
v 0.120794 -1.222448 -0.109910
v 0.158702 0.004278 -0.106504
v 0.142839 -1.222243 -0.087510
v 0.179548 0.004459 -0.074786
v 0.159895 -1.222095 -0.061559
v 0.193495 0.004563 -0.039946
v 0.171306 -1.222010 -0.033052
v 0.200007 0.004586 -0.003322
v 0.176635 -1.221991 -0.003086
v 0.198835 0.004527 0.033678
v 0.175676 -1.222040 0.027187
v 0.190023 0.004388 0.069632
v 0.168466 -1.222153 0.056605
v 0.173909 0.004175 0.103159
v 0.155282 -1.222327 0.084037
v 0.151114 0.003896 0.132970
v 0.136631 -1.222555 0.108429
v 0.122513 0.003562 0.157919
v 0.113229 -1.222829 0.128842
v 0.089206 0.003186 0.177048
v 0.085976 -1.223137 0.144494
v 0.052471 0.002781 0.189622
v 0.055920 -1.223468 0.154781
v 0.013721 0.002364 0.195157
v 0.024215 -1.223809 0.159310
v -0.025554 0.001950 0.193440
v -0.007921 -1.224148 0.157906
v -0.063847 0.001556 0.184539
v -0.039252 -1.224470 0.150623
v -0.099684 0.001196 0.168794
v -0.068574 -1.224765 0.137740
v -0.131689 0.000885 0.146810
v -0.094761 -1.225019 0.119753
v -0.158632 0.000634 0.119434
v -0.116806 -1.225224 0.097353
v -0.179478 0.000453 0.087716
v -0.133862 -1.225372 0.071402
v -0.193425 0.000350 0.052876
v -0.145273 -1.225457 0.042895
v -0.199937 0.000327 0.016252
v -0.150602 -1.225476 0.012929
v -0.198765 0.000386 -0.020748
v -0.149643 -1.225428 -0.017344
v -0.189953 0.000525 -0.056702
v -0.142433 -1.225314 -0.046762
v -0.173839 0.000737 -0.090229
v -0.129249 -1.225140 -0.074194
v -0.151045 0.001016 -0.120040
v -0.110598 -1.224912 -0.098585
v -0.122443 0.001350 -0.144989
v -0.087196 -1.224639 -0.118999
v -0.089136 0.001727 -0.164118
v -0.059943 -1.224330 -0.134651
v -0.052401 0.002132 -0.176692
v -0.029887 -1.223999 -0.144938
v -0.013651 0.002549 -0.182227
v 0.001818 -1.223658 -0.149467
vn 0.5704 0.6410 -0.5136
vn 0.3805 0.4618 -0.8012
vn 0.1335 0.2132 -0.9679
vn -0.0000 0.0743 -0.9972
vn -0.1335 -0.0674 -0.9888
vn -0.3805 -0.3379 -0.8608
vn 0.7027 0.6963 -0.1458
vn 0.6894 0.6431 -0.3336
vn 0.6496 0.5652 -0.5084
vn 0.5851 0.4659 -0.6637
vn 0.4984 0.3490 -0.7936
vn 0.3928 0.2188 -0.8932
vn 0.2723 0.0804 -0.9588
vn 0.1415 -0.0610 -0.9881
vn 0.0053 -0.2002 -0.9797
vn -0.1311 -0.3317 -0.9342
vn -0.2626 -0.4507 -0.8532
vn -0.3841 -0.5526 -0.7396
vn -0.4912 -0.6336 -0.5977
vn -0.5796 -0.6904 -0.4329
vn -0.6459 -0.7209 -0.2514
vn 0.7301 0.6696 -0.1363
vn 0.7421 0.5915 -0.3153
vn 0.7258 0.4908 -0.4820
vn 0.6818 0.3715 -0.6302
vn 0.6118 0.2381 -0.7543
vn 0.5186 0.0958 -0.8496
vn 0.4058 -0.0501 -0.9126
vn 0.2776 -0.1940 -0.9409
vn 0.1388 -0.3306 -0.9335
vn -0.0052 -0.4547 -0.8906
vn -0.1492 -0.5616 -0.8139
vn -0.2875 -0.6471 -0.7061
vn -0.4150 -0.7080 -0.5714
vn -0.5268 -0.7420 -0.4146
vn -0.6185 -0.7476 -0.2419
vn 0.7553 0.6444 -0.1195
vn 0.7908 0.5428 -0.2830
vn 0.7960 0.4205 -0.4354
vn 0.7708 0.2823 -0.5711
vn 0.7163 0.1335 -0.6849
vn 0.6346 -0.0203 -0.7726
vn 0.5288 -0.1732 -0.8309
vn 0.4030 -0.3196 -0.8576
vn 0.2619 -0.4538 -0.8518
vn 0.1107 -0.5708 -0.8136
vn -0.0447 -0.6662 -0.7445
vn -0.1985 -0.7363 -0.6470
vn -0.3448 -0.7783 -0.5247
vn -0.4781 -0.7907 -0.3823
vn -0.5933 -0.7728 -0.2251
vn 0.7774 0.6216 -0.0962
vn 0.8334 0.4988 -0.2379
vn 0.8575 0.3571 -0.3703
vn 0.8489 0.2019 -0.4885
vn 0.8079 0.0391 -0.5880
vn 0.7363 -0.1250 -0.6650
vn 0.6367 -0.2844 -0.7168
vn 0.5129 -0.4329 -0.7413
vn 0.3697 -0.5649 -0.7377
vn 0.2124 -0.6756 -0.7061
vn 0.0469 -0.7606 -0.6476
vn -0.1204 -0.8167 -0.5644
vn -0.2833 -0.8417 -0.4596
vn -0.4355 -0.8346 -0.3372
vn -0.5712 -0.7956 -0.2018
vn 0.7955 0.6022 -0.0671
vn 0.8684 0.4614 -0.1817
vn 0.9080 0.3030 -0.2893
vn 0.9129 0.1333 -0.3857
vn 0.8831 -0.0414 -0.4673
vn 0.8197 -0.2144 -0.5312
vn 0.7252 -0.3791 -0.5748
vn 0.6031 -0.5295 -0.5966
vn 0.4582 -0.6597 -0.5957
vn 0.2958 -0.7649 -0.5722
vn 0.1221 -0.8411 -0.5269
vn -0.0563 -0.8853 -0.4616
vn -0.2328 -0.8958 -0.3786
vn -0.4005 -0.8721 -0.2811
vn -0.5531 -0.8150 -0.1727
vn 0.6884 0.7234 0.0539
vn 0.8090 0.5869 -0.0334
vn 0.8944 0.4318 -0.1167
vn 0.9455 0.2603 -0.1954
vn 0.9605 0.0791 -0.2666
vn 0.9390 -0.1050 -0.3276
vn 0.8817 -0.2849 -0.3761
vn 0.7909 -0.4540 -0.4103
vn 0.6702 -0.6058 -0.4289
vn 0.5239 -0.7345 -0.4312
vn 0.3578 -0.8355 -0.4171
vn 0.1780 -0.9047 -0.3872
vn -0.0087 -0.9395 -0.3425
vn -0.1953 -0.9385 -0.2847
vn -0.3745 -0.9017 -0.2160
vn -0.5396 -0.8303 -0.1390
vn 0.8173 0.5762 0.0036
vn 0.9104 0.4112 -0.0452
vn 0.9686 0.2307 -0.0923
vn 0.9899 0.0415 -0.1358
vn 0.9734 -0.1491 -0.1741
vn 0.9199 -0.3339 -0.2058
vn 0.8314 -0.5060 -0.2296
vn 0.7114 -0.6588 -0.2447
vn 0.5644 -0.7865 -0.2505
vn 0.3960 -0.8845 -0.2468
vn 0.2124 -0.9488 -0.2337
vn 0.0206 -0.9771 -0.2117
vn -0.1722 -0.9682 -0.1816
vn -0.3585 -0.9223 -0.1446
vn -0.5313 -0.8410 -0.1020
vn 0.8201 0.5707 0.0425
vn 0.9158 0.4005 0.0298
vn 0.9764 0.2152 0.0160
vn 0.9998 0.0218 0.0016
vn 0.9850 -0.1722 -0.0128
vn 0.9327 -0.3595 -0.0268
vn 0.8451 -0.5331 -0.0397
vn 0.7254 -0.6865 -0.0511
vn 0.5781 -0.8137 -0.0606
vn 0.4089 -0.9101 -0.0678
vn 0.2240 -0.9719 -0.0724
vn 0.0305 -0.9968 -0.0743
vn -0.1644 -0.9837 -0.0733
vn -0.3531 -0.9330 -0.0695
vn -0.5285 -0.8466 -0.0631
vn 0.8173 0.5704 0.0818
vn 0.9104 0.4000 0.1057
vn 0.9686 0.2144 0.1255
vn 0.9899 0.0209 0.1405
vn 0.9734 -0.1733 0.1501
vn 0.9199 -0.3607 0.1540
vn 0.8314 -0.5344 0.1521
vn 0.7114 -0.6878 0.1444
vn 0.5644 -0.8150 0.1312
vn 0.3960 -0.9113 0.1130
vn 0.2124 -0.9730 0.0905
vn 0.0206 -0.9977 0.0646
vn -0.1722 -0.9844 0.0362
vn -0.3585 -0.9335 0.0063
vn -0.5313 -0.8468 -0.0238
vn 0.8090 0.5754 0.1200
vn 0.8944 0.4097 0.1794
vn 0.9455 0.2285 0.2318
vn 0.9605 0.0387 0.2754
vn 0.9390 -0.1523 0.3084
vn 0.8817 -0.3375 0.3297
vn 0.7909 -0.5098 0.3385
vn 0.6702 -0.6626 0.3344
vn 0.5239 -0.7903 0.3176
vn 0.3578 -0.8880 0.2887
vn 0.1780 -0.9520 0.2489
vn -0.0087 -0.9799 0.1995
vn -0.1953 -0.9703 0.1425
vn -0.3745 -0.9238 0.0800
vn -0.5396 -0.8418 0.0144
vn 0.7955 0.5856 0.1556
vn 0.8684 0.4293 0.2481
vn 0.9080 0.2568 0.3310
vn 0.9129 0.0747 0.4012
vn 0.8831 -0.1102 0.4561
vn 0.8197 -0.2907 0.4935
vn 0.7252 -0.4601 0.5122
vn 0.6031 -0.6120 0.5115
vn 0.4582 -0.7407 0.4913
vn 0.2958 -0.8413 0.4525
vn 0.1221 -0.9099 0.3965
vn -0.0563 -0.9439 0.3253
vn -0.2328 -0.9420 0.2417
vn -0.4005 -0.9041 0.1487
vn -0.5531 -0.8316 0.0500
vn 0.7774 0.6005 0.1872
vn 0.8334 0.4581 0.3092
vn 0.8575 0.2983 0.4191
vn 0.8489 0.1273 0.5130
vn 0.8079 -0.0484 0.5873
vn 0.7363 -0.2222 0.6392
vn 0.6367 -0.3874 0.6667
vn 0.5129 -0.5379 0.6690
vn 0.3697 -0.6680 0.6458
vn 0.2124 -0.7727 0.5981
vn 0.0469 -0.8481 0.5277
vn -0.1204 -0.8913 0.4371
vn -0.2833 -0.9005 0.3298
vn -0.4355 -0.8754 0.2098
vn -0.5712 -0.8167 0.0816
vn 0.7553 0.6196 0.2137
vn 0.7908 0.4948 0.3603
vn 0.7960 0.3514 0.4929
vn 0.7708 0.1946 0.6066
vn 0.7163 0.0306 0.6971
vn 0.6346 -0.1345 0.7610
vn 0.5288 -0.2945 0.7960
vn 0.4030 -0.4431 0.8008
vn 0.2619 -0.5750 0.7751
vn 0.1107 -0.6851 0.7200
vn -0.0447 -0.7691 0.6375
vn -0.1985 -0.8240 0.5307
vn -0.3448 -0.8475 0.4036
vn -0.4781 -0.8386 0.2609
vn -0.5933 -0.7977 0.1081
vn 0.7301 0.6420 0.2340
vn 0.7421 0.5382 0.3995
vn 0.7258 0.4139 0.5494
vn 0.6818 0.2740 0.6783
vn 0.6118 0.1237 0.7813
vn 0.5187 -0.0311 0.8544
vn 0.4058 -0.1848 0.8951
vn 0.2776 -0.3313 0.9018
vn 0.1388 -0.4653 0.8742
vn -0.0052 -0.5817 0.8134
vn -0.1492 -0.6760 0.7217
vn -0.2875 -0.7446 0.6024
vn -0.4150 -0.7849 0.4601
vn -0.5268 -0.7953 0.3001
vn -0.6185 -0.7752 0.1284
vn 0.7028 0.6671 0.2474
vn 0.6894 0.5865 0.4252
vn 0.6496 0.4837 0.5866
vn 0.5851 0.3624 0.7254
vn 0.4984 0.2275 0.8365
vn 0.3928 0.0840 0.9158
vn 0.2723 -0.0626 0.9602
vn 0.1415 -0.2068 0.9681
vn 0.0053 -0.3431 0.9393
vn -0.1311 -0.4665 0.8748
vn -0.2626 -0.5722 0.7770
vn -0.3841 -0.6561 0.6495
vn -0.4912 -0.7152 0.4973
vn -0.5796 -0.7469 0.3258
vn -0.6459 -0.7502 0.1418
vn 0.6743 0.6937 0.2532
vn 0.6345 0.6379 0.4365
vn 0.5704 0.5578 0.6029
vn 0.4846 0.4565 0.7461
vn 0.3805 0.3379 0.8608
vn 0.2619 0.2066 0.9427
vn 0.1335 0.0674 0.9888
vn -0.0000 -0.0743 0.9972
vn -0.1335 -0.2132 0.9679
vn -0.2619 -0.3440 0.9017
vn -0.3805 -0.4618 0.8012
vn -0.4846 -0.5621 0.6702
vn -0.5704 -0.6410 0.5136
vn -0.6345 -0.6956 0.3371
vn -0.6743 -0.7235 0.1476
vn 0.6459 0.7209 0.2514
vn 0.5796 0.6904 0.4329
vn 0.4912 0.6336 0.5977
vn 0.3841 0.5526 0.7396
vn 0.2626 0.4507 0.8532
vn 0.1311 0.3317 0.9342
vn -0.0053 0.2002 0.9797
vn -0.1415 0.0610 0.9881
vn -0.2723 -0.0804 0.9588
vn -0.3928 -0.2188 0.8932
vn -0.4984 -0.3490 0.7936
vn -0.5851 -0.4659 0.6637
vn -0.6496 -0.5652 0.5084
vn -0.6894 -0.6431 0.3336
vn -0.7027 -0.6963 0.1458
vn 0.6185 0.7476 0.2419
vn 0.5268 0.7420 0.4146
vn 0.4150 0.7080 0.5714
vn 0.2875 0.6471 0.7061
vn 0.1492 0.5616 0.8139
vn 0.0052 0.4547 0.8906
vn -0.1388 0.3306 0.9335
vn -0.2776 0.1941 0.9409
vn -0.4058 0.0501 0.9126
vn -0.5186 -0.0958 0.8496
vn -0.6118 -0.2381 0.7543
vn -0.6818 -0.3715 0.6302
vn -0.7258 -0.4908 0.4820
vn -0.7421 -0.5915 0.3153
vn -0.7301 -0.6696 0.1363
vn 0.5933 0.7728 0.2251
vn 0.4781 0.7907 0.3823
vn 0.3448 0.7783 0.5247
vn 0.1985 0.7363 0.6470
vn 0.0447 0.6662 0.7445
vn -0.1107 0.5708 0.8136
vn -0.2619 0.4538 0.8518
vn -0.4030 0.3196 0.8576
vn -0.5288 0.1732 0.8309
vn -0.6346 0.0203 0.7726
vn -0.7163 -0.1335 0.6849
vn -0.7708 -0.2823 0.5711
vn -0.7960 -0.4205 0.4354
vn -0.7908 -0.5428 0.2830
vn -0.7553 -0.6444 0.1195
vn 0.5712 0.7956 0.2018
vn 0.4355 0.8346 0.3372
vn 0.2833 0.8417 0.4596
vn 0.1204 0.8167 0.5644
vn -0.0469 0.7606 0.6476
vn -0.2124 0.6756 0.7061
vn -0.3697 0.5649 0.7377
vn -0.5129 0.4329 0.7413
vn -0.6367 0.2844 0.7168
vn -0.7363 0.1250 0.6650
vn -0.8079 -0.0391 0.5880
vn -0.8489 -0.2019 0.4885
vn -0.8575 -0.3571 0.3703
vn -0.8334 -0.4988 0.2379
vn -0.7774 -0.6216 0.0962
vn -0.6884 -0.7234 -0.0539
vn 0.5531 0.8150 0.1727
vn 0.4005 0.8721 0.2811
vn 0.2328 0.8958 0.3786
vn 0.0563 0.8853 0.4616
vn -0.1221 0.8411 0.5269
vn -0.2958 0.7649 0.5722
vn -0.4582 0.6597 0.5957
vn -0.6031 0.5295 0.5966
vn -0.7252 0.3791 0.5748
vn -0.8197 0.2144 0.5312
vn -0.8831 0.0414 0.4673
vn -0.9129 -0.1333 0.3857
vn -0.9080 -0.3030 0.2893
vn -0.8684 -0.4614 0.1817
vn -0.7955 -0.6022 0.0671
vn 0.5396 0.8303 0.1390
vn 0.3745 0.9017 0.2160
vn 0.1953 0.9385 0.2847
vn 0.0087 0.9395 0.3425
vn -0.1780 0.9047 0.3872
vn -0.3578 0.8355 0.4171
vn -0.5239 0.7345 0.4312
vn -0.6702 0.6058 0.4289
vn -0.7909 0.4540 0.4103
vn -0.8817 0.2849 0.3761
vn -0.9390 0.1050 0.3276
vn -0.9605 -0.0791 0.2666
vn -0.9455 -0.2603 0.1954
vn -0.8944 -0.4318 0.1167
vn -0.8090 -0.5869 0.0334
vn 0.5313 0.8410 0.1020
vn 0.3585 0.9223 0.1446
vn 0.1722 0.9682 0.1816
vn -0.0206 0.9771 0.2117
vn -0.2124 0.9488 0.2337
vn -0.3960 0.8845 0.2468
vn -0.5644 0.7865 0.2505
vn -0.7114 0.6588 0.2447
vn -0.8314 0.5060 0.2296
vn -0.9199 0.3339 0.2058
vn -0.9734 0.1491 0.1741
vn -0.9899 -0.0415 0.1358
vn -0.9686 -0.2307 0.0923
vn -0.9104 -0.4112 0.0452
vn -0.8173 -0.5762 -0.0036
vn 0.5285 0.8466 0.0631
vn 0.3531 0.9330 0.0695
vn 0.1644 0.9837 0.0733
vn -0.0305 0.9968 0.0743
vn -0.2240 0.9719 0.0724
vn -0.4089 0.9101 0.0678
vn -0.5781 0.8137 0.0606
vn -0.7254 0.6865 0.0511
vn -0.8451 0.5331 0.0397
vn -0.9327 0.3595 0.0268
vn -0.9850 0.1722 0.0128
vn -0.9998 -0.0218 -0.0016
vn -0.9764 -0.2152 -0.0160
vn -0.9158 -0.4005 -0.0298
vn -0.8201 -0.5707 -0.0425
vn 0.5313 0.8468 0.0238
vn 0.3585 0.9335 -0.0063
vn 0.1722 0.9844 -0.0362
vn -0.0206 0.9977 -0.0646
vn -0.2124 0.9730 -0.0905
vn -0.3960 0.9113 -0.1130
vn -0.5644 0.8150 -0.1312
vn -0.7114 0.6878 -0.1444
vn -0.8314 0.5344 -0.1521
vn -0.9199 0.3607 -0.1540
vn -0.9734 0.1733 -0.1501
vn -0.9899 -0.0209 -0.1405
vn -0.9686 -0.2144 -0.1255
vn -0.9104 -0.4000 -0.1057
vn -0.8173 -0.5704 -0.0818
vn 0.5396 0.8418 -0.0144
vn 0.3745 0.9238 -0.0800
vn 0.1953 0.9703 -0.1425
vn 0.0087 0.9799 -0.1995
vn -0.1780 0.9520 -0.2489
vn -0.3578 0.8880 -0.2887
vn -0.5239 0.7903 -0.3176
vn -0.6702 0.6626 -0.3344
vn -0.7909 0.5098 -0.3385
vn -0.8817 0.3375 -0.3297
vn -0.9390 0.1523 -0.3084
vn -0.9605 -0.0387 -0.2754
vn -0.9455 -0.2285 -0.2318
vn -0.8944 -0.4097 -0.1794
vn -0.8090 -0.5754 -0.1200
vn 0.5531 0.8316 -0.0500
vn 0.4005 0.9041 -0.1487
vn 0.2328 0.9420 -0.2417
vn 0.0563 0.9439 -0.3253
vn -0.1221 0.9099 -0.3965
vn -0.2958 0.8413 -0.4525
vn -0.4582 0.7407 -0.4913
vn -0.6031 0.6120 -0.5115
vn -0.7252 0.4601 -0.5123
vn -0.8197 0.2907 -0.4935
vn -0.8831 0.1102 -0.4561
vn -0.9129 -0.0747 -0.4012
vn -0.9080 -0.2568 -0.3310
vn -0.8684 -0.4293 -0.2481
vn -0.7955 -0.5856 -0.1556
vn 0.5712 0.8167 -0.0816
vn 0.4355 0.8754 -0.2098
vn 0.2833 0.9005 -0.3298
vn 0.1204 0.8913 -0.4371
vn -0.0469 0.8481 -0.5277
vn -0.2124 0.7727 -0.5981
vn -0.3697 0.6680 -0.6458
vn -0.5129 0.5379 -0.6690
vn -0.6367 0.3874 -0.6667
vn -0.7363 0.2222 -0.6392
vn -0.8079 0.0484 -0.5873
vn -0.8489 -0.1273 -0.5130
vn -0.8575 -0.2983 -0.4191
vn -0.8334 -0.4581 -0.3092
vn -0.7774 -0.6005 -0.1872
vn 0.5933 0.7977 -0.1081
vn 0.4781 0.8386 -0.2609
vn 0.3448 0.8475 -0.4036
vn 0.1985 0.8240 -0.5307
vn 0.0447 0.7691 -0.6375
vn -0.1107 0.6851 -0.7200
vn -0.2619 0.5750 -0.7751
vn -0.4030 0.4431 -0.8008
vn -0.5288 0.2945 -0.7960
vn -0.6346 0.1345 -0.7610
vn -0.7163 -0.0306 -0.6971
vn -0.7708 -0.1946 -0.6066
vn -0.7960 -0.3514 -0.4929
vn -0.7908 -0.4948 -0.3603
vn -0.7553 -0.6196 -0.2137
vn 0.6185 0.7752 -0.1284
vn 0.5268 0.7953 -0.3001
vn 0.4150 0.7849 -0.4601
vn 0.2875 0.7446 -0.6024
vn 0.1492 0.6760 -0.7217
vn 0.0052 0.5817 -0.8134
vn -0.1388 0.4653 -0.8742
vn -0.2776 0.3313 -0.9018
vn -0.4058 0.1848 -0.8951
vn -0.5187 0.0311 -0.8544
vn -0.6118 -0.1237 -0.7813
vn -0.6818 -0.2740 -0.6783
vn -0.7258 -0.4139 -0.5494
vn -0.7421 -0.5382 -0.3995
vn -0.7301 -0.6420 -0.2340
vn 0.6459 0.7502 -0.1418
vn 0.5796 0.7469 -0.3258
vn 0.4912 0.7152 -0.4973
vn 0.3841 0.6561 -0.6495
vn 0.2626 0.5722 -0.7770
vn 0.1311 0.4665 -0.8748
vn -0.0053 0.3432 -0.9393
vn -0.1415 0.2068 -0.9681
vn -0.2723 0.0626 -0.9602
vn -0.3928 -0.0840 -0.9158
vn -0.4984 -0.2275 -0.8365
vn -0.5851 -0.3624 -0.7254
vn -0.6496 -0.4837 -0.5866
vn -0.6894 -0.5865 -0.4252
vn -0.7028 -0.6671 -0.2474
vn 0.6743 0.7235 -0.1476
vn 0.6345 0.6956 -0.3371
vn 0.4846 0.5621 -0.6702
vn 0.2619 0.3440 -0.9017
vn -0.2619 -0.2066 -0.9427
vn -0.4846 -0.4565 -0.7461
vn -0.5704 -0.5578 -0.6029
vn -0.6345 -0.6379 -0.4365
vn -0.6743 -0.6937 -0.2532
vn 0.0927 0.6787 -0.7286
vn 0.1046 -0.6950 -0.7113
vn 0.2253 0.6799 -0.6978
vn 0.2337 -0.6937 -0.6813
vn 0.3511 0.6809 -0.6428
vn 0.3562 -0.6922 -0.6277
vn 0.4664 0.6815 -0.5640
vn 0.4682 -0.6909 -0.5509
vn 0.5666 0.6819 -0.4626
vn 0.5658 -0.6896 -0.4521
vn 0.6473 0.6819 -0.3407
vn 0.6440 -0.6886 -0.3333
vn 0.7031 0.6818 -0.2021
vn 0.6982 -0.6878 -0.1984
vn 0.7300 0.6815 -0.0524
vn 0.7242 -0.6875 -0.0527
vn 0.7252 0.6811 0.1011
vn 0.7196 -0.6877 0.0966
vn 0.6886 0.6806 0.2502
vn 0.6839 -0.6883 0.2417
vn 0.6224 0.6802 0.3872
vn 0.6197 -0.6894 0.3750
vn 0.5314 0.6796 0.5057
vn 0.5313 -0.6908 0.4904
vn 0.4211 0.6790 0.6014
vn 0.4240 -0.6924 0.5838
vn 0.2972 0.6781 0.6722
vn 0.3035 -0.6941 0.6527
vn 0.1650 0.6772 0.7171
vn 0.1749 -0.6958 0.6966
vn 0.0290 0.6760 0.7363
vn 0.0426 -0.6974 0.7154
vn -0.1070 0.6747 0.7303
vn -0.0899 -0.6989 0.7096
vn -0.2396 0.6732 0.6995
vn -0.2190 -0.7002 0.6796
vn -0.3654 0.6717 0.6445
vn -0.3414 -0.7012 0.6259
vn -0.4807 0.6700 0.5657
vn -0.4535 -0.7020 0.5491
vn -0.5810 0.6685 0.4643
vn -0.5510 -0.7025 0.4503
vn -0.6615 0.6672 0.3424
vn -0.6293 -0.7029 0.3316
vn -0.7173 0.6663 0.2038
vn -0.6835 -0.7030 0.1966
vn -0.7442 0.6657 0.0541
vn -0.7095 -0.7028 0.0510
vn -0.7394 0.6659 -0.0994
vn -0.7049 -0.7025 -0.0984
vn -0.7028 0.6665 -0.2485
vn -0.6692 -0.7020 -0.2435
vn -0.6367 0.6678 -0.3855
vn -0.6050 -0.7014 -0.3768
vn -0.5457 0.6695 -0.5040
vn -0.5165 -0.7007 -0.4922
vn -0.4353 0.6714 -0.5998
vn -0.4093 -0.6997 -0.5855
vn -0.3115 0.6734 -0.6705
vn -0.2888 -0.6988 -0.6545
vn -0.1793 0.6753 -0.7154
vn -0.1602 -0.6976 -0.6983
vn -0.0433 0.6771 -0.7346
vn -0.0278 -0.6964 -0.7171
vt 0.688617 0.014744
vt 0.730102 0.013110
vt 0.711995 0.027571
vt 0.788310 0.567918
vt 0.772801 0.541485
vt 0.794073 0.560232
vt 0.752077 0.030568
vt 0.735021 0.044189
vt 0.803375 0.591251
vt 0.811741 0.580093
vt 0.772159 0.051702
vt 0.756809 0.063961
vt 0.669024 0.724318
vt 0.703421 0.722982
vt 0.678651 0.738196
vt 0.776522 0.086125
vt 0.789576 0.075700
vt 0.655158 0.756299
vt 0.643838 0.739980
vt 0.803659 0.101640
vt 0.793403 0.109831
vt 0.621268 0.758462
vt 0.633845 0.776595
vt 0.813867 0.128525
vt 0.806802 0.134167
vt 0.602180 0.779055
vt 0.615532 0.798304
vt 0.594725 0.394271
vt 0.617229 0.411417
vt 0.614340 0.414877
vt 0.600923 0.820593
vt 0.587309 0.800966
vt 0.769863 0.545403
vt 0.748743 0.524572
vt 0.637174 0.433390
vt 0.618802 0.839942
vt 0.774778 0.536965
vt 0.620929 0.408748
vt 0.608114 0.861581
vt 0.590579 0.842604
vt 0.797951 0.551365
vt 0.768982 0.021429
vt 0.728518 0.711242
vt 0.713354 0.733732
vt 0.787373 0.043477
vt 0.691293 0.751878
vt 0.802515 0.068705
vt 0.670023 0.772387
vt 0.813825 0.096144
vt 0.650363 0.794471
vt 0.587309 0.362515
vt 0.607649 0.382250
vt 0.600391 0.387485
vt 0.633067 0.817282
vt 0.591896 0.327791
vt 0.608650 0.294354
vt 0.607733 0.321355
vt 0.687863 0.787626
vt 0.597846 0.354914
vt 0.610289 0.349858
vt 0.670186 0.811404
vt 0.616220 0.378767
vt 0.654112 0.835258
vt 0.625298 0.406973
vt 0.640258 0.858270
vt 0.775719 0.532015
vt 0.629158 0.879557
vt 0.799797 0.541657
vt 0.621237 0.898301
vt 0.601414 0.881368
vt 0.735360 0.718646
vt 0.725275 0.743914
vt 0.592314 0.278303
vt 0.590028 0.301923
vt 0.706465 0.764838
vt 0.775588 0.526828
vt 0.630169 0.406158
vt 0.652902 0.895841
vt 0.743571 0.725660
vt 0.765373 0.714016
vt 0.752836 0.732014
vt 0.643604 0.913640
vt 0.738725 0.753138
vt 0.613006 0.269894
vt 0.629409 0.290884
vt 0.723583 0.776578
vt 0.625387 0.318403
vt 0.707993 0.801431
vt 0.624160 0.347538
vt 0.692553 0.826743
vt 0.625774 0.377170
vt 0.677856 0.851541
vt 0.664468 0.874873
vt 0.741991 0.786646
vt 0.729638 0.813270
vt 0.638925 0.348046
vt 0.716604 0.839898
vt 0.635945 0.377519
vt 0.703388 0.865507
vt 0.635354 0.406337
vt 0.690500 0.889112
vt 0.774389 0.521602
vt 0.678435 0.909807
vt 0.762798 0.737463
vt 0.667655 0.926795
vt 0.753188 0.761049
vt 0.660626 0.266881
vt 0.651508 0.291643
vt 0.644180 0.319049
vt 0.704774 0.920917
vt 0.770452 0.716794
vt 0.773075 0.741798
vt 0.671185 0.245715
vt 0.685724 0.272394
vt 0.768108 0.767343
vt 0.674096 0.296604
vt 0.760981 0.794657
vt 0.663390 0.323268
vt 0.751967 0.822690
vt 0.654018 0.351361
vt 0.741414 0.850365
vt 0.646341 0.379803
vt 0.729727 0.876618
vt 0.640654 0.407501
vt 0.717355 0.900441
vt 0.772169 0.516537
vt 0.682278 0.330898
vt 0.668858 0.357356
vt 0.766032 0.857740
vt 0.656563 0.383932
vt 0.755861 0.884447
vt 0.645865 0.409606
vt 0.744001 0.908423
vt 0.769013 0.511829
vt 0.730907 0.928747
vt 0.775691 0.719004
vt 0.783272 0.744853
vt 0.697829 0.251567
vt 0.710403 0.282363
vt 0.782911 0.771778
vt 0.696306 0.305576
vt 0.779822 0.800301
vt 0.774122 0.829327
vt 0.724028 0.262150
vt 0.733713 0.296406
vt 0.797029 0.774183
vt 0.717284 0.318214
vt 0.797791 0.803363
vt 0.700118 0.341646
vt 0.795251 0.832927
vt 0.682876 0.365800
vt 0.789509 0.861740
vt 0.666218 0.389749
vt 0.780784 0.888694
vt 0.650787 0.412571
vt 0.769413 0.912753
vt 0.765042 0.507659
vt 0.736657 0.245715
vt 0.748773 0.277058
vt 0.785847 0.721406
vt 0.792996 0.746510
vt 0.674936 0.397029
vt 0.121763 0.840057
vt 0.136117 0.812638
vt 0.144735 0.839580
vt 0.655231 0.416283
vt 0.132527 0.864108
vt 0.155948 0.863622
vt 0.760409 0.504186
vt 0.761887 0.260915
vt 0.771115 0.295717
vt 0.134903 0.672365
vt 0.132492 0.697393
vt 0.123529 0.697579
vt 0.754758 0.313982
vt 0.128578 0.725079
vt 0.115566 0.725349
vt 0.736224 0.334033
vt 0.127880 0.754266
vt 0.111319 0.754610
vt 0.716226 0.355098
vt 0.110952 0.784235
vt 0.130426 0.783831
vt 0.695531 0.376370
vt 0.114478 0.813087
vt 0.142793 0.722685
vt 0.772731 0.334416
vt 0.752399 0.352423
vt 0.145972 0.751218
vt 0.729982 0.370738
vt 0.151700 0.780247
vt 0.706339 0.388658
vt 0.159755 0.808656
vt 0.682380 0.405493
vt 0.169829 0.835353
vt 0.659026 0.420598
vt 0.181534 0.859312
vt 0.755292 0.501544
vt 0.784667 0.279939
vt 0.790195 0.317410
vt 0.144464 0.671429
vt 0.142283 0.695743
vt 0.184485 0.801294
vt 0.196082 0.827537
vt 0.688266 0.414816
vt 0.662027 0.425350
vt 0.208302 0.851343
vt 0.749888 0.499835
vt 0.220674 0.871797
vt 0.194420 0.879613
vt 0.152527 0.692694
vt 0.786940 0.356924
vt 0.157664 0.718257
vt 0.765187 0.372680
vt 0.164900 0.745583
vt 0.740856 0.387965
vt 0.173956 0.773621
vt 0.714883 0.402193
vt 0.796839 0.380640
vt 0.774096 0.394023
vt 0.183935 0.737578
vt 0.748433 0.406116
vt 0.196339 0.764208
vt 0.720836 0.416454
vt 0.209356 0.790834
vt 0.692366 0.424640
vt 0.222485 0.816433
vt 0.664117 0.430358
vt 0.235222 0.840022
vt 0.744403 0.499124
vt 0.247077 0.860693
vt 0.154938 0.667666
vt 0.162829 0.688361
vt 0.805279 0.341304
vt 0.172620 0.711968
vt 0.665217 0.435429
vt 0.248023 0.802469
vt 0.261260 0.825784
vt 0.739050 0.499439
vt 0.272615 0.846729
vt 0.160018 0.664888
vt 0.172793 0.682912
vt 0.281650 0.864499
vt 0.257594 0.877653
vt 0.187086 0.704057
vt 0.802047 0.404652
vt 0.778784 0.415634
vt 0.202347 0.727510
vt 0.752420 0.424495
vt 0.217990 0.752369
vt 0.723968 0.430894
vt 0.233413 0.777680
vt 0.694524 0.434586
vt 0.219428 0.715766
vt 0.752663 0.442394
vt 0.238075 0.738560
vt 0.724160 0.444957
vt 0.255730 0.762336
vt 0.694656 0.444273
vt 0.271715 0.786179
vt 0.665284 0.440367
vt 0.285416 0.809175
vt 0.734034 0.500768
vt 0.296306 0.830439
vt 0.182037 0.676557
vt 0.303968 0.849155
vt 0.200506 0.694830
vt 0.802366 0.428039
vt 0.779070 0.436681
vt 0.292650 0.768192
vt 0.306761 0.790835
vt 0.729547 0.503059
vt 0.664316 0.444984
vt 0.317242 0.812452
vt 0.709227 0.484857
vt 0.718028 0.480363
vt 0.326045 0.834401
vt 0.360090 0.841918
vt 0.345744 0.856373
vt 0.212365 0.684641
vt 0.368522 0.875383
vt 0.381433 0.862374
vt 0.234521 0.702798
vt 0.404483 0.879638
vt 0.393503 0.890701
vt 0.255822 0.723311
vt 0.721403 0.458103
vt 0.275450 0.745391
vt 0.692757 0.453328
vt 0.418184 0.868158
vt 0.247047 0.689103
vt 0.270551 0.707207
vt 0.439120 0.884027
vt 0.428355 0.893047
vt 0.291816 0.727499
vt 0.688900 0.461404
vt 0.310024 0.749197
vt 0.662350 0.449101
vt 0.324475 0.771468
vt 0.725762 0.506224
vt 0.325709 0.794667
vt 0.360278 0.803133
vt 0.341274 0.819057
vt 0.701802 0.491066
vt 0.377991 0.826919
vt 0.190206 0.669538
vt 0.222207 0.673881
vt 0.397544 0.848875
vt 0.659461 0.452560
vt 0.345085 0.778432
vt 0.382326 0.787243
vt 0.722824 0.510143
vt 0.696040 0.498752
vt 0.398760 0.811950
vt 0.669420 0.490838
vt 0.677785 0.479679
vt 0.416235 0.835404
vt 0.256524 0.675208
vt 0.434080 0.856702
vt 0.281695 0.690869
vt 0.451609 0.875026
vt 0.304198 0.709344
vt 0.707578 0.479679
vt 0.683234 0.468190
vt 0.332996 0.753765
vt 0.345245 0.715111
vt 0.355044 0.737875
vt 0.367565 0.762230
vt 0.451560 0.845710
vt 0.465343 0.866390
vt 0.338543 0.694815
vt 0.368083 0.700749
vt 0.477608 0.883723
vt 0.468148 0.889672
vt 0.379290 0.722628
vt 0.675976 0.473425
vt 0.655761 0.455229
vt 0.392286 0.746685
vt 0.720847 0.514663
vt 0.406572 0.771996
vt 0.692161 0.507619
vt 0.421599 0.797589
vt 0.663789 0.503711
vt 0.436790 0.822479
vt 0.636820 0.503088
vt 0.643987 0.486703
vt 0.262588 0.661648
vt 0.288825 0.674924
vt 0.690315 0.517327
vt 0.445630 0.784385
vt 0.661109 0.517805
vt 0.458417 0.810596
vt 0.633409 0.521026
vt 0.469952 0.835605
vt 0.612291 0.505775
vt 0.608280 0.526868
vt 0.479794 0.858450
vt 0.359097 0.681890
vt 0.392114 0.687546
vt 0.487562 0.878254
vt 0.404801 0.708612
vt 0.667405 0.476908
vt 0.651392 0.457005
vt 0.418296 0.732394
vt 0.719906 0.519612
vt 0.432083 0.757980
vt 0.380724 0.670007
vt 0.416413 0.676009
vt 0.494406 0.851512
vt 0.497627 0.873475
vt 0.430596 0.696364
vt 0.646521 0.457819
vt 0.444597 0.719906
vt 0.720037 0.524800
vt 0.457878 0.745732
vt 0.690573 0.527503
vt 0.469929 0.772848
vt 0.661483 0.532577
vt 0.480285 0.800213
vt 0.633885 0.539828
vt 0.488550 0.826774
vt 0.608840 0.548976
vt 0.493562 0.763420
vt 0.664897 0.547461
vt 0.501555 0.791727
vt 0.638230 0.558771
vt 0.506638 0.819558
vt 0.613949 0.571251
vt 0.508618 0.845842
vt 0.592986 0.584421
vt 0.587309 0.559671
vt 0.507416 0.869570
vt 0.440047 0.666580
vt 0.455686 0.686355
vt 0.647680 0.478156
vt 0.641336 0.457641
vt 0.470178 0.709701
vt 0.721236 0.530026
vt 0.482968 0.735723
vt 0.692924 0.537755
vt 0.516554 0.866688
vt 0.462107 0.659624
vt 0.479104 0.678969
vt 0.636036 0.456477
vt 0.494056 0.702171
vt 0.723456 0.535091
vt 0.506386 0.728338
vt 0.697279 0.547689
vt 0.515622 0.756463
vt 0.671219 0.561883
vt 0.521408 0.785467
vt 0.646277 0.577127
vt 0.523522 0.814234
vt 0.623411 0.592836
vt 0.521883 0.841659
vt 0.603500 0.608405
vt 0.703470 0.556924
vt 0.680207 0.575290
vt 0.535261 0.752245
vt 0.539083 0.781671
vt 0.657716 0.594191
vt 0.538553 0.811006
vt 0.636862 0.612901
vt 0.533693 0.839123
vt 0.618446 0.630700
vt 0.756456 0.239901
vt 0.778303 0.217642
vt 0.781353 0.223761
vt 0.587309 0.623236
vt 0.603176 0.646905
vt 0.803232 0.203873
vt 0.801677 0.200754
vt 0.499952 0.674492
vt 0.515312 0.697606
vt 0.726612 0.539799
vt 0.630825 0.454371
vt 0.527234 0.723860
vt 0.637250 0.650451
vt 0.623139 0.667872
vt 0.800787 0.196835
vt 0.591639 0.660892
vt 0.611993 0.682270
vt 0.730583 0.543969
vt 0.625903 0.451406
vt 0.544711 0.722462
vt 0.711259 0.565105
vt 0.638955 0.241509
vt 0.662003 0.227157
vt 0.666218 0.245715
vt 0.691515 0.587167
vt 0.694888 0.245329
vt 0.691095 0.228627
vt 0.672108 0.609308
vt 0.720637 0.226163
vt 0.723863 0.240367
vt 0.653785 0.630676
vt 0.752029 0.231018
vt 0.749494 0.219858
vt 0.776558 0.209955
vt 0.661099 0.205526
vt 0.690281 0.209160
vt 0.688900 0.621895
vt 0.719945 0.209607
vt 0.673531 0.645477
vt 0.748950 0.206850
vt 0.659190 0.666897
vt 0.776183 0.200995
vt 0.646430 0.685331
vt 0.800596 0.192267
vt 0.635740 0.700071
vt 0.735216 0.547442
vt 0.621459 0.447695
vt 0.609583 0.212786
vt 0.633520 0.198844
vt 0.634480 0.221808
vt 0.720347 0.571917
vt 0.704708 0.597057
vt 0.801112 0.187226
vt 0.608605 0.189373
vt 0.589900 0.152131
vt 0.611246 0.163533
vt 0.740333 0.550084
vt 0.617664 0.443380
vt 0.636111 0.173501
vt 0.730384 0.577099
vt 0.663540 0.181653
vt 0.719280 0.604580
vt 0.692477 0.187675
vt 0.707447 0.631470
vt 0.721813 0.191335
vt 0.695339 0.656736
vt 0.750418 0.192494
vt 0.683423 0.679407
vt 0.777194 0.191107
vt 0.672155 0.698612
vt 0.726169 0.172050
vt 0.727035 0.637664
vt 0.718373 0.664020
vt 0.753841 0.177342
vt 0.709016 0.687500
vt 0.779551 0.180669
vt 0.699325 0.707204
vt 0.802313 0.181905
vt 0.595942 0.125382
vt 0.617407 0.136259
vt 0.745737 0.551793
vt 0.614663 0.438627
vt 0.642153 0.146752
vt 0.740986 0.580451
vt 0.669231 0.156455
vt 0.734671 0.609447
vt 0.697600 0.164998
vt 0.751221 0.552503
vt 0.612573 0.433619
vt 0.651415 0.119624
vt 0.751743 0.581846
vt 0.677955 0.130902
vt 0.750288 0.611471
vt 0.705451 0.142000
vt 0.746913 0.640240
vt 0.732846 0.152492
vt 0.741747 0.667049
vt 0.759087 0.161975
vt 0.734988 0.690866
vt 0.783165 0.170085
vt 0.726896 0.710777
vt 0.804156 0.176509
vt 0.605204 0.098255
vt 0.626850 0.108601
vt 0.766316 0.639099
vt 0.764562 0.665706
vt 0.741587 0.133414
vt 0.765955 0.146986
vt 0.760338 0.689374
vt 0.787896 0.159760
vt 0.598731 0.064056
vt 0.617329 0.071792
vt 0.806567 0.171245
vt 0.639212 0.081620
vt 0.756575 0.552188
vt 0.611473 0.428548
vt 0.663540 0.093162
vt 0.762244 0.581228
vt 0.689377 0.105975
vt 0.765533 0.610574
vt 0.715730 0.119566
vt 0.678062 0.068381
vt 0.772084 0.578622
vt 0.703056 0.082631
vt 0.779819 0.606790
vt 0.728041 0.098558
vt 0.784498 0.634283
vt 0.752057 0.115548
vt 0.785942 0.660044
vt 0.774181 0.132948
vt 0.784095 0.683083
vt 0.793562 0.150091
vt 0.612410 0.040713
vt 0.631851 0.047011
vt 0.809456 0.166316
vt 0.654019 0.056353
vt 0.761591 0.550860
vt 0.611406 0.423610
vt 0.763853 0.099580
vt 0.783449 0.120403
vt 0.805343 0.672233
vt 0.799946 0.141449
vt 0.627822 0.019851
vt 0.648212 0.024863
vt 0.812710 0.161911
vt 0.670700 0.033772
vt 0.766078 0.548569
vt 0.612374 0.418994
vt 0.694423 0.046233
vt 0.780886 0.574128
vt 0.718468 0.061769
vt 0.792597 0.600266
vt 0.741912 0.079782
vt 0.800761 0.625979
vt 0.805065 0.650280
vt 0.814480 0.614506
vt 0.636500 0.724057
vt 0.613114 0.740770
vt 0.593524 0.760273
vt 0.590869 0.402347
vt 0.665784 0.006201
vt 0.129951 0.000386
vt 0.105012 0.660167
vt 0.121411 0.660376
vt 0.109908 0.000130
vt 0.087947 0.660060
vt 0.089051 0.000000
vt 0.070872 0.660060
vt 0.068183 0.000000
vt 0.054444 0.660167
vt 0.048105 0.000130
vt 0.039294 0.660376
vt 0.029588 0.000386
vt 0.026004 0.660680
vt 0.013345 0.000758
vt 0.015084 0.661067
vt 0.324475 0.002376
vt 0.293271 0.660901
vt 0.305716 0.661648
vt 0.291720 0.000746
vt 0.309265 0.001463
vt 0.272516 0.000252
vt 0.278916 0.660314
vt 0.252389 0.000000
vt 0.263203 0.659910
vt 0.232114 0.000000
vt 0.246735 0.659704
vt 0.212470 0.000252
vt 0.230146 0.659704
vt 0.194212 0.000746
vt 0.214073 0.659910
vt 0.178041 0.001463
vt 0.199134 0.660314
vt 0.164578 0.002376
vt 0.185903 0.660901
vt 0.472254 0.000000
vt 0.443439 0.658947
vt 0.456229 0.658447
vt 0.456622 0.000611
vt 0.428781 0.659318
vt 0.438707 0.001064
vt 0.412818 0.659546
vt 0.419198 0.001344
vt 0.396164 0.659624
vt 0.398843 0.001438
vt 0.379458 0.659546
vt 0.378426 0.001344
vt 0.363343 0.659318
vt 0.358730 0.001065
vt 0.348438 0.658947
vt 0.340513 0.000611
vt 0.335316 0.658447
vt 0.569760 0.000503
vt 0.576976 0.658108
vt 0.587309 0.000000
vt 0.550553 0.000813
vt 0.562617 0.658520
vt 0.530425 0.000918
vt 0.546902 0.658773
vt 0.510151 0.000813
vt 0.530433 0.658859
vt 0.490509 0.000503
vt 0.513845 0.658773
vt 0.472254 0.000000
vt 0.497773 0.658520
vt 0.813867 0.078032
vt 0.888417 0.172044
vt 0.979256 0.094013
vt 0.148411 0.000758
vt 0.149743 0.661067
vt 0.164578 0.001230
vt 0.136515 0.660680
vt 0.954815 0.824216
vt 0.893269 0.744230
vt 0.818274 0.808495
vt 0.707078 0.000000
vt 0.695858 0.712078
vt 0.748048 0.003408
vt 0.760650 0.710777
vt 0.636072 0.266037
vt 0.780890 0.720561
vt 0.139472 0.672270
vt 0.804120 0.302057
vt 0.149686 0.669874
vt 0.815788 0.366480
vt 0.164730 0.661648
vt 0.749155 0.459126
vt 0.715804 0.469828
vt 0.196985 0.662127
vt 0.229653 0.662964
vt 0.324476 0.730080
vt 0.402593 0.659624
vt 0.657851 0.478506
vt 0.637284 0.475873
vt 0.533131 0.696181
vt 0.587309 0.177475
vt 0.587309 0.088984
vt 0.662783 0.710777
vt 0.000000 0.001230
vt 0.174888 0.661648
vt 0.324475 0.000000
vt 0.482837 0.658108
vt 0.979256 0.077077
vt 0.976078 0.060485
vt 0.969844 0.044875
vt 0.960795 0.030846
vt 0.949276 0.018937
vt 0.935732 0.009606
vt 0.920683 0.003212
vt 0.904706 -0.000000
vt 0.888417 0.000094
vt 0.872441 0.003490
vt 0.857391 0.010058
vt 0.843847 0.019545
vt 0.832329 0.031587
vt 0.823279 0.045721
vt 0.817045 0.061403
vt 0.813867 0.094967
vt 0.817045 0.111559
vt 0.823279 0.127170
vt 0.832329 0.141199
vt 0.843847 0.153108
vt 0.857391 0.162438
vt 0.872441 0.168833
vt 0.904706 0.171950
vt 0.920683 0.168554
vt 0.935732 0.161986
vt 0.949276 0.152499
vt 0.960795 0.140457
vt 0.969844 0.126324
vt 0.976078 0.110641
vt 0.818274 0.822717
vt 0.820897 0.836695
vt 0.826044 0.849891
vt 0.833515 0.861798
vt 0.843024 0.871959
vt 0.854206 0.879983
vt 0.866631 0.885562
vt 0.879820 0.888481
vt 0.893269 0.888629
vt 0.906458 0.885999
vt 0.918883 0.880693
vt 0.930065 0.872914
vt 0.939574 0.862962
vt 0.947045 0.851219
vt 0.952192 0.838136
vt 0.954815 0.809994
vt 0.952192 0.796016
vt 0.947045 0.782820
vt 0.939574 0.770913
vt 0.930065 0.760752
vt 0.918883 0.752728
vt 0.906458 0.747149
vt 0.879820 0.744082
vt 0.866631 0.746712
vt 0.854206 0.752018
vt 0.843024 0.759797
vt 0.833515 0.769749
vt 0.826044 0.781492
vt 0.820897 0.794575
s 1
f 4/1/4 15/2/15 5/3/5
f 475/4/475 7/5/7 8/6/8
f 5/3/5 16/7/16 478/8/478
f 1/9/1 8/6/8 9/10/9
f 478/8/478 17/11/17 6/12/6
f 476/13/476 9/14/9 10/15/10
f 479/16/479 17/11/17 18/17/18
f 476/13/476 11/18/11 2/19/2
f 479/16/479 19/20/19 480/21/480
f 477/22/477 11/18/11 12/23/12
f 480/21/480 20/24/20 481/25/481
f 3/26/3 12/23/12 13/27/13
f 481/28/481 21/29/21 482/30/482
f 3/26/3 14/31/14 4/32/4
f 474/33/474 82/34/82 7/5/7
f 308/35/308 482/30/482 21/29/21
f 13/27/13 29/36/29 14/31/14
f 7/5/7 82/34/82 22/37/22
f 308/35/308 21/29/21 36/38/36
f 14/31/14 30/39/30 15/40/15
f 7/5/7 23/41/23 8/6/8
f 15/2/15 31/42/31 16/7/16
f 8/43/8 24/44/24 9/14/9
f 16/7/16 32/45/32 17/11/17
f 9/14/9 25/46/25 10/15/10
f 17/11/17 33/47/33 18/17/18
f 10/15/10 26/48/26 11/18/11
f 19/20/19 33/47/33 34/49/34
f 11/18/11 27/50/27 12/23/12
f 19/51/19 35/52/35 20/53/20
f 13/27/13 27/50/27 28/54/28
f 20/53/20 36/38/36 21/29/21
f 33/55/33 47/56/47 48/57/48
f 25/46/25 41/58/41 26/48/26
f 34/59/34 48/57/48 49/60/49
f 26/48/26 42/61/42 27/50/27
f 34/59/34 50/62/50 35/52/35
f 28/54/28 42/61/42 43/63/43
f 36/38/36 50/62/50 51/64/51
f 28/54/28 44/65/44 29/36/29
f 22/37/22 82/34/82 37/66/37
f 308/35/308 36/38/36 51/64/51
f 29/36/29 45/67/45 30/39/30
f 22/37/22 38/68/38 23/41/23
f 30/39/30 46/69/46 31/70/31
f 23/71/23 39/72/39 24/44/24
f 31/73/31 47/56/47 32/74/32
f 24/44/24 40/75/40 25/46/25
f 37/66/37 82/34/82 52/76/52
f 308/35/308 51/64/51 66/77/66
f 44/65/44 60/78/60 45/67/45
f 38/79/38 52/80/52 53/81/53
f 45/67/45 61/82/61 46/69/46
f 38/79/38 54/83/54 39/72/39
f 46/84/46 62/85/62 47/56/47
f 39/72/39 55/86/55 40/75/40
f 47/56/47 63/87/63 48/57/48
f 41/58/41 55/86/55 56/88/56
f 49/60/49 63/87/63 64/89/64
f 41/58/41 57/90/57 42/61/42
f 50/62/50 64/89/64 65/91/65
f 43/63/43 57/90/57 58/92/58
f 51/64/51 65/91/65 66/77/66
f 44/65/44 58/92/58 59/93/59
f 56/88/56 70/94/70 71/95/71
f 63/87/63 79/96/79 64/89/64
f 56/88/56 72/97/72 57/90/57
f 64/89/64 80/98/80 65/91/65
f 58/92/58 72/97/72 73/99/73
f 65/91/65 81/100/81 66/77/66
f 59/93/59 73/99/73 74/101/74
f 52/76/52 82/34/82 67/102/67
f 308/35/308 66/77/66 81/100/81
f 59/93/59 75/103/75 60/78/60
f 52/80/52 68/104/68 53/81/53
f 60/78/60 76/105/76 61/82/61
f 53/81/53 69/106/69 54/83/54
f 62/85/62 76/107/76 77/108/77
f 54/83/54 70/94/70 55/86/55
f 62/85/62 78/109/78 63/87/63
f 74/101/74 91/110/91 75/103/75
f 67/111/67 84/112/84 68/104/68
f 75/113/75 92/114/92 76/107/76
f 68/104/68 85/115/85 69/106/69
f 77/108/77 92/114/92 93/116/93
f 69/106/69 86/117/86 70/94/70
f 77/108/77 94/118/94 78/109/78
f 71/95/71 86/117/86 87/119/87
f 79/96/79 94/118/94 95/120/95
f 71/95/71 88/121/88 72/97/72
f 79/96/79 96/122/96 80/98/80
f 73/99/73 88/121/88 89/123/89
f 81/100/81 96/122/96 97/124/97
f 74/101/74 89/123/89 90/125/90
f 67/102/67 82/34/82 83/126/83
f 308/35/308 81/100/81 97/124/97
f 95/120/95 109/127/109 110/128/110
f 87/119/87 103/129/103 88/121/88
f 95/120/95 111/130/111 96/122/96
f 89/123/89 103/129/103 104/131/104
f 96/122/96 112/132/112 97/124/97
f 90/125/90 104/131/104 105/133/105
f 83/126/83 82/34/82 98/134/98
f 308/35/308 97/124/97 112/132/112
f 91/110/91 105/133/105 106/135/106
f 83/136/83 99/137/99 84/112/84
f 91/138/91 107/139/107 92/114/92
f 85/115/85 99/137/99 100/140/100
f 93/116/93 107/139/107 108/141/108
f 85/115/85 101/142/101 86/117/86
f 93/116/93 109/127/109 94/118/94
f 87/119/87 101/142/101 102/143/102
f 106/144/106 122/145/122 107/139/107
f 99/137/99 115/146/115 100/140/100
f 107/139/107 123/147/123 108/141/108
f 100/140/100 116/148/116 101/142/101
f 108/141/108 124/149/124 109/127/109
f 102/143/102 116/148/116 117/150/117
f 109/127/109 125/151/125 110/128/110
f 102/143/102 118/152/118 103/129/103
f 111/130/111 125/151/125 126/153/126
f 104/131/104 118/152/118 119/154/119
f 111/130/111 127/155/127 112/132/112
f 105/133/105 119/154/119 120/156/120
f 98/134/98 82/34/82 113/157/113
f 308/35/308 112/132/112 127/155/127
f 105/158/105 121/159/121 106/144/106
f 99/137/99 113/160/113 114/161/114
f 125/151/125 141/162/141 126/153/126
f 119/163/119 133/164/133 134/165/134
f 127/155/127 141/162/141 142/166/142
f 120/167/120 134/165/134 135/168/135
f 113/157/113 82/34/82 128/169/128
f 308/35/308 127/155/127 142/166/142
f 120/170/120 136/171/136 121/159/121
f 113/172/113 129/173/129 114/174/114
f 121/159/121 137/175/137 122/145/122
f 114/174/114 130/176/130 115/177/115
f 123/147/123 137/175/137 138/178/138
f 115/177/115 131/179/131 116/180/116
f 123/147/123 139/181/139 124/149/124
f 117/182/117 131/179/131 132/183/132
f 125/151/125 139/181/139 140/184/140
f 117/182/117 133/164/133 118/185/118
f 129/173/129 145/186/145 130/176/130
f 138/178/138 152/187/152 153/188/153
f 130/176/130 146/189/146 131/179/131
f 138/178/138 154/190/154 139/181/139
f 132/183/132 146/189/146 147/191/147
f 140/184/140 154/190/154 155/192/155
f 132/183/132 148/193/148 133/164/133
f 140/184/140 156/194/156 141/162/141
f 134/165/134 148/193/148 149/195/149
f 141/162/141 157/196/157 142/166/142
f 135/168/135 149/195/149 150/197/150
f 128/169/128 82/34/82 143/198/143
f 308/35/308 142/166/142 157/196/157
f 135/199/135 151/200/151 136/171/136
f 129/173/129 143/201/143 144/202/144
f 136/171/136 152/187/152 137/175/137
f 149/195/149 163/203/163 164/204/164
f 157/196/157 171/205/171 172/206/172
f 150/197/150 164/204/164 165/207/165
f 143/198/143 82/34/82 158/208/158
f 308/35/308 157/196/157 172/206/172
f 150/197/150 166/209/166 151/210/151
f 143/201/143 159/211/159 144/202/144
f 151/200/151 167/212/167 152/187/152
f 144/202/144 160/213/160 145/186/145
f 153/188/153 167/212/167 168/214/168
f 145/186/145 161/215/161 146/189/146
f 153/188/153 169/216/169 154/190/154
f 146/189/146 162/217/162 147/191/147
f 155/192/155 169/216/169 170/218/170
f 147/191/147 163/203/163 148/193/148
f 156/194/156 170/218/170 171/205/171
f 168/214/168 182/219/182 183/220/183
f 160/213/160 176/221/176 161/215/161
f 168/214/168 184/222/184 169/216/169
f 162/217/162 176/221/176 177/223/177
f 170/218/170 184/222/184 185/224/185
f 162/217/162 178/225/178 163/203/163
f 171/205/171 185/224/185 186/226/186
f 164/204/164 178/225/178 179/227/179
f 172/206/172 186/226/186 187/228/187
f 165/207/165 179/227/179 180/229/180
f 158/208/158 82/34/82 173/230/173
f 308/35/308 172/206/172 187/228/187
f 165/207/165 181/231/181 166/209/166
f 159/211/159 173/232/173 174/233/174
f 166/234/166 182/219/182 167/212/167
f 159/211/159 175/235/175 160/213/160
f 186/226/186 202/236/202 187/228/187
f 180/229/180 194/237/194 195/238/195
f 173/230/173 82/34/82 188/239/188
f 308/35/308 187/228/187 202/236/202
f 180/229/180 196/240/196 181/231/181
f 174/233/174 188/241/188 189/242/189
f 181/231/181 197/243/197 182/244/182
f 174/233/174 190/245/190 175/235/175
f 183/220/183 197/246/197 198/247/198
f 175/235/175 191/248/191 176/221/176
f 183/220/183 199/249/199 184/222/184
f 177/223/177 191/248/191 192/250/192
f 185/224/185 199/249/199 200/251/200
f 177/223/177 193/252/193 178/225/178
f 185/224/185 201/253/201 186/226/186
f 179/227/179 193/252/193 194/237/194
f 190/245/190 206/254/206 191/248/191
f 198/247/198 214/255/214 199/249/199
f 192/250/192 206/254/206 207/256/207
f 200/251/200 214/255/214 215/257/215
f 192/250/192 208/258/208 193/252/193
f 200/251/200 216/259/216 201/253/201
f 194/237/194 208/258/208 209/260/209
f 201/253/201 217/261/217 202/236/202
f 195/238/195 209/260/209 210/262/210
f 188/239/188 82/34/82 203/263/203
f 308/35/308 202/236/202 217/261/217
f 195/238/195 211/264/211 196/240/196
f 188/241/188 204/265/204 189/242/189
f 196/240/196 212/266/212 197/243/197
f 189/242/189 205/267/205 190/245/190
f 198/247/198 212/268/212 213/269/213
f 210/262/210 224/270/224 225/271/225
f 203/263/203 82/34/82 218/272/218
f 308/35/308 217/261/217 232/273/232
f 210/262/210 226/274/226 211/264/211
f 203/263/203 219/275/219 204/276/204
f 211/277/211 227/278/227 212/279/212
f 204/265/204 220/280/220 205/267/205
f 213/281/213 227/278/227 228/282/228
f 205/267/205 221/283/221 206/254/206
f 213/281/213 229/284/229 214/285/214
f 207/256/207 221/283/221 222/286/222
f 214/255/214 230/287/230 215/257/215
f 207/256/207 223/288/223 208/258/208
f 216/259/216 230/287/230 231/289/231
f 209/260/209 223/288/223 224/270/224
f 217/261/217 231/289/231 232/273/232
f 228/282/228 244/290/244 229/284/229
f 222/286/222 236/291/236 237/292/237
f 229/284/229 245/293/245 230/294/230
f 222/286/222 238/295/238 223/288/223
f 230/287/230 246/296/246 231/289/231
f 224/270/224 238/295/238 239/297/239
f 231/289/231 247/298/247 232/273/232
f 225/271/225 239/297/239 240/299/240
f 218/272/218 82/34/82 233/300/233
f 308/35/308 232/273/232 247/298/247
f 225/301/225 241/302/241 226/303/226
f 218/272/218 234/304/234 219/275/219
f 226/303/226 242/305/242 227/278/227
f 219/306/219 235/307/235 220/280/220
f 228/282/228 242/305/242 243/308/243
f 220/280/220 236/291/236 221/283/221
f 308/35/308 247/298/247 262/309/262
f 240/310/240 256/311/256 241/302/241
f 234/304/234 248/312/248 249/313/249
f 241/302/241 257/314/257 242/305/242
f 234/304/234 250/315/250 235/316/235
f 243/308/243 257/314/257 258/317/258
f 235/307/235 251/318/251 236/291/236
f 243/308/243 259/319/259 244/290/244
f 237/292/237 251/318/251 252/320/252
f 245/293/245 259/319/259 260/321/260
f 237/292/237 253/322/253 238/295/238
f 246/296/246 260/323/260 261/324/261
f 239/325/239 253/326/253 254/327/254
f 246/296/246 262/309/262 247/298/247
f 240/310/240 254/327/254 255/328/255
f 233/300/233 82/34/82 248/312/248
f 260/321/260 274/329/274 275/330/275
f 252/331/252 268/332/268 253/326/253
f 260/321/260 276/333/276 261/334/261
f 254/327/254 268/332/268 269/335/269
f 262/309/262 276/336/276 277/337/277
f 255/328/255 269/335/269 270/338/270
f 248/312/248 82/34/82 263/339/263
f 308/35/308 262/309/262 277/337/277
f 255/328/255 271/340/271 256/311/256
f 249/313/249 263/339/263 264/341/264
f 256/311/256 272/342/272 257/314/257
f 249/313/249 265/343/265 250/315/250
f 258/317/258 272/342/272 273/344/273
f 250/315/250 266/345/266 251/346/251
f 258/317/258 274/329/274 259/319/259
f 252/320/252 266/347/266 267/348/267
f 263/339/263 279/349/279 264/341/264
f 271/340/271 287/350/287 272/342/272
f 265/343/265 279/349/279 280/351/280
f 273/344/273 287/350/287 288/352/288
f 265/343/265 281/353/281 266/345/266
f 273/344/273 289/354/289 274/329/274
f 267/355/267 281/353/281 282/356/282
f 275/330/275 289/354/289 290/357/290
f 267/358/267 283/359/283 268/332/268
f 275/330/275 291/360/291 276/333/276
f 269/335/269 283/359/283 284/361/284
f 277/337/277 291/362/291 292/363/292
f 270/338/270 284/361/284 285/364/285
f 263/339/263 82/34/82 278/365/278
f 308/35/308 277/337/277 292/363/292
f 270/338/270 286/366/286 271/340/271
f 282/367/282 298/368/298 283/359/283
f 291/360/291 305/369/305 306/370/306
f 284/361/284 298/368/298 299/371/299
f 291/362/291 307/372/307 292/363/292
f 285/364/285 299/371/299 300/373/300
f 278/365/278 82/34/82 293/374/293
f 308/35/308 292/363/292 307/372/307
f 285/364/285 301/375/301 286/366/286
f 278/365/278 294/376/294 279/349/279
f 286/366/286 302/377/302 287/350/287
f 280/351/280 294/376/294 295/378/295
f 288/352/288 302/377/302 303/379/303
f 280/351/280 296/380/296 281/353/281
f 289/354/289 303/379/303 304/381/304
f 282/356/282 296/380/296 297/382/297
f 290/357/290 304/381/304 305/369/305
f 301/375/301 318/383/318 302/377/302
f 294/376/294 311/384/311 295/378/295
f 303/379/303 318/383/318 319/385/319
f 295/378/295 312/386/312 296/380/296
f 303/379/303 320/387/320 304/381/304
f 297/382/297 312/386/312 313/388/313
f 305/369/305 320/387/320 321/389/321
f 297/382/297 314/390/314 298/391/298
f 305/369/305 322/392/322 306/370/306
f 299/371/299 314/393/314 315/394/315
f 307/372/307 322/395/322 323/396/323
f 300/373/300 315/394/315 316/397/316
f 293/374/293 82/34/82 309/398/309
f 308/35/308 307/372/307 323/396/323
f 300/373/300 317/399/317 301/375/301
f 293/374/293 310/400/310 294/376/294
f 321/389/321 337/401/337 322/392/322
f 315/394/315 329/402/329 330/403/330
f 322/395/322 338/404/338 323/396/323
f 316/397/316 330/403/330 331/405/331
f 309/398/309 82/34/82 324/406/324
f 308/35/308 323/396/323 338/404/338
f 316/397/316 332/407/332 317/399/317
f 310/400/310 324/406/324 325/408/325
f 317/399/317 333/409/333 318/383/318
f 310/400/310 326/410/326 311/384/311
f 319/385/319 333/409/333 334/411/334
f 311/384/311 327/412/327 312/386/312
f 319/385/319 335/413/335 320/387/320
f 313/388/313 327/412/327 328/414/328
f 321/389/321 335/413/335 336/415/336
f 313/388/313 329/416/329 314/390/314
f 326/410/326 340/417/340 341/418/341
f 334/411/334 348/419/348 349/420/349
f 326/410/326 342/421/342 327/412/327
f 334/411/334 350/422/350 335/413/335
f 328/414/328 342/421/342 343/423/343
f 336/415/336 350/422/350 351/424/351
f 328/414/328 344/425/344 329/416/329
f 336/426/336 352/427/352 337/428/337
f 330/429/330 344/425/344 345/430/345
f 338/431/338 352/427/352 353/432/353
f 331/405/331 345/433/345 346/434/346
f 324/406/324 82/34/82 339/435/339
f 308/35/308 338/404/338 353/436/353
f 331/405/331 347/437/347 332/407/332
f 324/406/324 340/417/340 325/408/325
f 332/407/332 348/419/348 333/409/333
f 345/430/345 359/438/359 360/439/360
f 352/427/352 368/440/368 353/432/353
f 346/441/346 360/439/360 361/442/361
f 339/435/339 82/34/82 354/443/354
f 308/35/308 353/436/353 368/444/368
f 346/434/346 362/445/362 347/437/347
f 339/435/339 355/446/355 340/417/340
f 347/447/347 363/448/363 348/449/348
f 340/417/340 356/450/356 341/418/341
f 349/451/349 363/448/363 364/452/364
f 341/418/341 357/453/357 342/421/342
f 349/451/349 365/454/365 350/455/350
f 343/423/343 357/453/357 358/456/358
f 351/457/351 365/454/365 366/458/366
f 343/423/343 359/438/359 344/425/344
f 351/457/351 367/459/367 352/427/352
f 364/452/364 378/460/378 379/461/379
f 356/450/356 372/462/372 357/453/357
f 364/452/364 380/463/380 365/454/365
f 358/456/358 372/462/372 373/464/373
f 366/458/366 380/463/380 381/465/381
f 358/456/358 374/466/374 359/438/359
f 366/458/366 382/467/382 367/459/367
f 360/439/360 374/466/374 375/468/375
f 368/440/368 382/467/382 383/469/383
f 361/442/361 375/468/375 376/470/376
f 354/443/354 82/34/82 369/471/369
f 308/35/308 368/444/368 383/472/383
f 361/473/361 377/474/377 362/475/362
f 355/446/355 369/471/369 370/476/370
f 362/475/362 378/460/378 363/448/363
f 355/446/355 371/477/371 356/450/356
f 382/467/382 398/478/398 383/469/383
f 376/479/376 390/480/390 391/481/391
f 369/471/369 82/34/82 384/482/384
f 308/35/308 383/472/383 398/483/398
f 376/479/376 392/484/392 377/474/377
f 369/471/369 385/485/385 370/476/370
f 377/474/377 393/486/393 378/460/378
f 371/477/371 385/485/385 386/487/386
f 379/461/379 393/486/393 394/488/394
f 371/477/371 387/489/387 372/462/372
f 379/461/379 395/490/395 380/463/380
f 373/464/373 387/489/387 388/491/388
f 381/465/381 395/490/395 396/492/396
f 373/464/373 389/493/389 374/466/374
f 381/465/381 397/494/397 382/467/382
f 375/468/375 389/493/389 390/495/390
f 394/488/394 410/496/410 395/490/395
f 388/491/388 402/497/402 403/498/403
f 396/492/396 410/496/410 411/499/411
f 388/491/388 404/500/404 389/493/389
f 396/492/396 412/501/412 397/494/397
f 390/495/390 404/500/404 405/502/405
f 397/494/397 413/503/413 398/478/398
f 391/481/391 405/504/405 406/505/406
f 384/482/384 82/34/82 399/506/399
f 308/35/308 398/483/398 413/507/413
f 391/481/391 407/508/407 392/484/392
f 385/485/385 399/506/399 400/509/400
f 392/484/392 408/510/408 393/486/393
f 386/487/386 400/509/400 401/511/401
f 394/488/394 408/510/408 409/512/409
f 386/487/386 402/497/402 387/489/387
f 399/506/399 82/34/82 414/513/414
f 308/35/308 413/507/413 428/514/428
f 406/505/406 422/515/422 407/508/407
f 399/506/399 415/516/415 400/509/400
f 407/508/407 423/517/423 408/510/408
f 400/509/400 416/518/416 401/511/401
f 409/512/409 423/517/423 424/519/424
f 401/511/401 417/520/417 402/497/402
f 409/512/409 425/521/425 410/496/410
f 403/498/403 417/520/417 418/522/418
f 411/499/411 425/521/425 426/523/426
f 403/498/403 419/524/419 404/500/404
f 411/499/411 427/525/427 412/501/412
f 405/502/405 419/524/419 420/526/420
f 412/501/412 428/527/428 413/503/413
f 406/505/406 420/528/420 421/529/421
f 418/522/418 432/530/432 433/531/433
f 426/523/426 440/532/440 441/533/441
f 418/522/418 434/534/434 419/524/419
f 426/523/426 442/535/442 427/525/427
f 420/528/420 434/536/434 435/537/435
f 427/525/427 443/538/443 428/527/428
f 421/529/421 435/537/435 436/539/436
f 414/513/414 82/34/82 429/540/429
f 308/35/308 428/514/428 443/541/443
f 421/529/421 437/542/437 422/515/422
f 414/513/414 430/543/430 415/516/415
f 422/515/422 438/544/438 423/517/423
f 416/518/416 430/543/430 431/545/431
f 424/519/424 438/544/438 439/546/439
f 416/518/416 432/530/432 417/520/417
f 424/519/424 440/532/440 425/521/425
f 436/539/436 452/547/452 437/542/437
f 429/540/429 445/548/445 430/543/430
f 437/542/437 453/549/453 438/544/438
f 431/545/431 445/548/445 446/550/446
f 439/546/439 453/549/453 454/551/454
f 431/545/431 447/552/447 432/530/432
f 439/546/439 455/553/455 440/532/440
f 433/531/433 447/552/447 448/554/448
f 441/533/441 455/553/455 456/555/456
f 433/531/433 449/556/449 434/534/434
f 441/533/441 457/557/457 442/535/442
f 435/537/435 449/558/449 450/559/450
f 442/535/442 458/560/458 443/538/443
f 436/539/436 450/559/450 451/561/451
f 429/540/429 82/34/82 444/562/444
f 308/35/308 443/541/443 458/563/458
f 456/555/456 470/564/470 471/565/471
f 448/554/448 464/566/464 449/556/449
f 456/555/456 472/567/472 457/557/457
f 450/559/450 464/568/464 465/569/465
f 458/560/458 472/567/472 473/570/473
f 451/561/451 465/569/465 466/571/466
f 444/562/444 82/34/82 459/572/459
f 308/35/308 458/563/458 473/573/473
f 451/561/451 467/574/467 452/547/452
f 444/562/444 460/575/460 445/548/445
f 452/547/452 468/576/468 453/549/453
f 445/548/445 461/577/461 446/550/446
f 454/551/454 468/576/468 469/578/469
f 446/550/446 462/579/462 447/552/447
f 454/551/454 470/564/470 455/553/455
f 448/554/448 462/579/462 463/580/463
f 460/575/460 474/33/474 475/4/475
f 467/574/467 478/8/478 468/576/468
f 461/577/461 475/4/475 1/9/1
f 468/576/468 6/12/6 469/578/469
f 462/579/462 1/9/1 476/581/476
f 469/578/469 479/16/479 470/564/470
f 463/582/463 476/13/476 2/19/2
f 471/565/471 479/16/479 480/21/480
f 464/583/464 2/19/2 477/22/477
f 471/565/471 481/25/481 472/567/472
f 465/584/465 477/22/477 3/26/3
f 472/585/472 482/30/482 473/573/473
f 466/571/466 3/586/3 4/1/4
f 459/572/459 82/34/82 474/33/474
f 308/35/308 473/573/473 482/30/482
f 466/571/466 5/3/5 467/574/467
f 483/587/483 486/588/486 484/589/484
f 485/590/485 488/591/488 486/588/486
f 487/592/487 490/593/490 488/591/488
f 489/594/489 492/595/492 490/593/490
f 491/596/491 494/597/494 492/595/492
f 493/598/493 496/599/496 494/597/494
f 495/600/495 498/601/498 496/599/496
f 497/602/497 500/603/500 498/604/498
f 501/605/501 500/603/500 499/606/499
f 503/607/503 502/608/502 501/605/501
f 505/609/505 504/610/504 503/607/503
f 507/611/507 506/612/506 505/609/505
f 509/613/509 508/614/508 507/611/507
f 511/615/511 510/616/510 509/613/509
f 513/617/513 512/618/512 511/615/511
f 515/619/515 514/620/514 513/617/513
f 515/621/515 518/622/518 516/623/516
f 517/624/517 520/625/520 518/622/518
f 519/626/519 522/627/522 520/625/520
f 521/628/521 524/629/524 522/627/522
f 523/630/523 526/631/526 524/629/524
f 525/632/525 528/633/528 526/631/526
f 527/634/527 530/635/530 528/633/528
f 529/636/529 532/637/532 530/635/530
f 533/638/533 532/639/532 531/640/531
f 535/641/535 534/642/534 533/638/533
f 537/643/537 536/644/536 535/641/535
f 539/645/539 538/646/538 537/643/537
f 541/647/541 540/648/540 539/645/539
f 543/649/543 542/650/542 541/647/541
f 516/651/516 532/652/532 484/653/484
f 545/654/545 544/655/544 543/656/543
f 483/587/483 546/657/546 545/654/545
f 517/658/517 501/659/501 485/660/485
f 4/1/4 14/661/14 15/2/15
f 475/4/475 474/33/474 7/5/7
f 5/3/5 15/2/15 16/7/16
f 1/9/1 475/4/475 8/6/8
f 478/8/478 16/7/16 17/11/17
f 476/13/476 1/662/1 9/14/9
f 479/16/479 6/12/6 17/11/17
f 476/13/476 10/15/10 11/18/11
f 479/16/479 18/17/18 19/20/19
f 477/22/477 2/19/2 11/18/11
f 480/21/480 19/20/19 20/24/20
f 3/26/3 477/22/477 12/23/12
f 481/28/481 20/53/20 21/29/21
f 3/26/3 13/27/13 14/31/14
f 13/27/13 28/54/28 29/36/29
f 14/31/14 29/36/29 30/39/30
f 7/5/7 22/37/22 23/41/23
f 15/2/15 30/663/30 31/42/31
f 8/43/8 23/71/23 24/44/24
f 16/7/16 31/42/31 32/45/32
f 9/14/9 24/44/24 25/46/25
f 17/11/17 32/45/32 33/47/33
f 10/15/10 25/46/25 26/48/26
f 19/20/19 18/17/18 33/47/33
f 11/18/11 26/48/26 27/50/27
f 19/51/19 34/59/34 35/52/35
f 13/27/13 12/23/12 27/50/27
f 20/53/20 35/52/35 36/38/36
f 33/55/33 32/74/32 47/56/47
f 25/46/25 40/75/40 41/58/41
f 34/59/34 33/55/33 48/57/48
f 26/48/26 41/58/41 42/61/42
f 34/59/34 49/60/49 50/62/50
f 28/54/28 27/50/27 42/61/42
f 36/38/36 35/52/35 50/62/50
f 28/54/28 43/63/43 44/65/44
f 29/36/29 44/65/44 45/67/45
f 22/37/22 37/66/37 38/68/38
f 30/39/30 45/67/45 46/69/46
f 23/71/23 38/79/38 39/72/39
f 31/73/31 46/84/46 47/56/47
f 24/44/24 39/72/39 40/75/40
f 44/65/44 59/93/59 60/78/60
f 38/79/38 37/664/37 52/80/52
f 45/67/45 60/78/60 61/82/61
f 38/79/38 53/81/53 54/83/54
f 46/84/46 61/665/61 62/85/62
f 39/72/39 54/83/54 55/86/55
f 47/56/47 62/85/62 63/87/63
f 41/58/41 40/75/40 55/86/55
f 49/60/49 48/57/48 63/87/63
f 41/58/41 56/88/56 57/90/57
f 50/62/50 49/60/49 64/89/64
f 43/63/43 42/61/42 57/90/57
f 51/64/51 50/62/50 65/91/65
f 44/65/44 43/63/43 58/92/58
f 56/88/56 55/86/55 70/94/70
f 63/87/63 78/109/78 79/96/79
f 56/88/56 71/95/71 72/97/72
f 64/89/64 79/96/79 80/98/80
f 58/92/58 57/90/57 72/97/72
f 65/91/65 80/98/80 81/100/81
f 59/93/59 58/92/58 73/99/73
f 59/93/59 74/101/74 75/103/75
f 52/80/52 67/111/67 68/104/68
f 60/78/60 75/103/75 76/105/76
f 53/81/53 68/104/68 69/106/69
f 62/85/62 61/665/61 76/107/76
f 54/83/54 69/106/69 70/94/70
f 62/85/62 77/108/77 78/109/78
f 74/101/74 90/125/90 91/110/91
f 67/111/67 83/136/83 84/112/84
f 75/113/75 91/138/91 92/114/92
f 68/104/68 84/112/84 85/115/85
f 77/108/77 76/107/76 92/114/92
f 69/106/69 85/115/85 86/117/86
f 77/108/77 93/116/93 94/118/94
f 71/95/71 70/94/70 86/117/86
f 79/96/79 78/109/78 94/118/94
f 71/95/71 87/119/87 88/121/88
f 79/96/79 95/120/95 96/122/96
f 73/99/73 72/97/72 88/121/88
f 81/100/81 80/98/80 96/122/96
f 74/101/74 73/99/73 89/123/89
f 95/120/95 94/118/94 109/127/109
f 87/119/87 102/143/102 103/129/103
f 95/120/95 110/128/110 111/130/111
f 89/123/89 88/121/88 103/129/103
f 96/122/96 111/130/111 112/132/112
f 90/125/90 89/123/89 104/131/104
f 91/110/91 90/125/90 105/133/105
f 83/136/83 98/666/98 99/137/99
f 91/138/91 106/144/106 107/139/107
f 85/115/85 84/112/84 99/137/99
f 93/116/93 92/114/92 107/139/107
f 85/115/85 100/140/100 101/142/101
f 93/116/93 108/141/108 109/127/109
f 87/119/87 86/117/86 101/142/101
f 106/144/106 121/159/121 122/145/122
f 99/137/99 114/161/114 115/146/115
f 107/139/107 122/145/122 123/147/123
f 100/140/100 115/146/115 116/148/116
f 108/141/108 123/147/123 124/149/124
f 102/143/102 101/142/101 116/148/116
f 109/127/109 124/149/124 125/151/125
f 102/143/102 117/150/117 118/152/118
f 111/130/111 110/128/110 125/151/125
f 104/131/104 103/129/103 118/152/118
f 111/130/111 126/153/126 127/155/127
f 105/133/105 104/131/104 119/154/119
f 105/158/105 120/170/120 121/159/121
f 99/137/99 98/666/98 113/160/113
f 125/151/125 140/184/140 141/162/141
f 119/163/119 118/185/118 133/164/133
f 127/155/127 126/153/126 141/162/141
f 120/167/120 119/163/119 134/165/134
f 120/170/120 135/199/135 136/171/136
f 113/172/113 128/667/128 129/173/129
f 121/159/121 136/171/136 137/175/137
f 114/174/114 129/173/129 130/176/130
f 123/147/123 122/145/122 137/175/137
f 115/177/115 130/176/130 131/179/131
f 123/147/123 138/178/138 139/181/139
f 117/182/117 116/180/116 131/179/131
f 125/151/125 124/149/124 139/181/139
f 117/182/117 132/183/132 133/164/133
f 129/173/129 144/202/144 145/186/145
f 138/178/138 137/175/137 152/187/152
f 130/176/130 145/186/145 146/189/146
f 138/178/138 153/188/153 154/190/154
f 132/183/132 131/179/131 146/189/146
f 140/184/140 139/181/139 154/190/154
f 132/183/132 147/191/147 148/193/148
f 140/184/140 155/192/155 156/194/156
f 134/165/134 133/164/133 148/193/148
f 141/162/141 156/194/156 157/196/157
f 135/168/135 134/165/134 149/195/149
f 135/199/135 150/668/150 151/200/151
f 129/173/129 128/667/128 143/201/143
f 136/171/136 151/200/151 152/187/152
f 149/195/149 148/193/148 163/203/163
f 157/196/157 156/194/156 171/205/171
f 150/197/150 149/195/149 164/204/164
f 150/197/150 165/207/165 166/209/166
f 143/201/143 158/669/158 159/211/159
f 151/200/151 166/234/166 167/212/167
f 144/202/144 159/211/159 160/213/160
f 153/188/153 152/187/152 167/212/167
f 145/186/145 160/213/160 161/215/161
f 153/188/153 168/214/168 169/216/169
f 146/189/146 161/215/161 162/217/162
f 155/192/155 154/190/154 169/216/169
f 147/191/147 162/217/162 163/203/163
f 156/194/156 155/192/155 170/218/170
f 168/214/168 167/212/167 182/219/182
f 160/213/160 175/235/175 176/221/176
f 168/214/168 183/220/183 184/222/184
f 162/217/162 161/215/161 176/221/176
f 170/218/170 169/216/169 184/222/184
f 162/217/162 177/223/177 178/225/178
f 171/205/171 170/218/170 185/224/185
f 164/204/164 163/203/163 178/225/178
f 172/206/172 171/205/171 186/226/186
f 165/207/165 164/204/164 179/227/179
f 165/207/165 180/229/180 181/231/181
f 159/211/159 158/669/158 173/232/173
f 166/234/166 181/670/181 182/219/182
f 159/211/159 174/233/174 175/235/175
f 186/226/186 201/253/201 202/236/202
f 180/229/180 179/227/179 194/237/194
f 180/229/180 195/238/195 196/240/196
f 174/233/174 173/232/173 188/241/188
f 181/231/181 196/240/196 197/243/197
f 174/233/174 189/242/189 190/245/190
f 183/220/183 182/219/182 197/246/197
f 175/235/175 190/245/190 191/248/191
f 183/220/183 198/247/198 199/249/199
f 177/223/177 176/221/176 191/248/191
f 185/224/185 184/222/184 199/249/199
f 177/223/177 192/250/192 193/252/193
f 185/224/185 200/251/200 201/253/201
f 179/227/179 178/225/178 193/252/193
f 190/245/190 205/267/205 206/254/206
f 198/247/198 213/269/213 214/255/214
f 192/250/192 191/248/191 206/254/206
f 200/251/200 199/249/199 214/255/214
f 192/250/192 207/256/207 208/258/208
f 200/251/200 215/257/215 216/259/216
f 194/237/194 193/252/193 208/258/208
f 201/253/201 216/259/216 217/261/217
f 195/238/195 194/237/194 209/260/209
f 195/238/195 210/262/210 211/264/211
f 188/241/188 203/671/203 204/265/204
f 196/240/196 211/264/211 212/266/212
f 189/242/189 204/265/204 205/267/205
f 198/247/198 197/246/197 212/268/212
f 210/262/210 209/260/209 224/270/224
f 210/262/210 225/271/225 226/274/226
f 203/263/203 218/272/218 219/275/219
f 211/277/211 226/303/226 227/278/227
f 204/265/204 219/306/219 220/280/220
f 213/281/213 212/279/212 227/278/227
f 205/267/205 220/280/220 221/283/221
f 213/281/213 228/282/228 229/284/229
f 207/256/207 206/254/206 221/283/221
f 214/255/214 229/672/229 230/287/230
f 207/256/207 222/286/222 223/288/223
f 216/259/216 215/257/215 230/287/230
f 209/260/209 208/258/208 223/288/223
f 217/261/217 216/259/216 231/289/231
f 228/282/228 243/308/243 244/290/244
f 222/286/222 221/283/221 236/291/236
f 229/284/229 244/290/244 245/293/245
f 222/286/222 237/292/237 238/295/238
f 230/287/230 245/673/245 246/296/246
f 224/270/224 223/288/223 238/295/238
f 231/289/231 246/296/246 247/298/247
f 225/271/225 224/270/224 239/297/239
f 225/301/225 240/310/240 241/302/241
f 218/272/218 233/300/233 234/304/234
f 226/303/226 241/302/241 242/305/242
f 219/306/219 234/674/234 235/307/235
f 228/282/228 227/278/227 242/305/242
f 220/280/220 235/307/235 236/291/236
f 240/310/240 255/328/255 256/311/256
f 234/304/234 233/300/233 248/312/248
f 241/302/241 256/311/256 257/314/257
f 234/304/234 249/313/249 250/315/250
f 243/308/243 242/305/242 257/314/257
f 235/307/235 250/675/250 251/318/251
f 243/308/243 258/317/258 259/319/259
f 237/292/237 236/291/236 251/318/251
f 245/293/245 244/290/244 259/319/259
f 237/292/237 252/320/252 253/322/253
f 246/296/246 245/673/245 260/323/260
f 239/325/239 238/676/238 253/326/253
f 246/296/246 261/324/261 262/309/262
f 240/310/240 239/325/239 254/327/254
f 260/321/260 259/319/259 274/329/274
f 252/331/252 267/358/267 268/332/268
f 260/321/260 275/330/275 276/333/276
f 254/327/254 253/326/253 268/332/268
f 262/309/262 261/324/261 276/336/276
f 255/328/255 254/327/254 269/335/269
f 255/328/255 270/338/270 271/340/271
f 249/313/249 248/312/248 263/339/263
f 256/311/256 271/340/271 272/342/272
f 249/313/249 264/341/264 265/343/265
f 258/317/258 257/314/257 272/342/272
f 250/315/250 265/343/265 266/345/266
f 258/317/258 273/344/273 274/329/274
f 252/320/252 251/318/251 266/347/266
f 263/339/263 278/365/278 279/349/279
f 271/340/271 286/366/286 287/350/287
f 265/343/265 264/341/264 279/349/279
f 273/344/273 272/342/272 287/350/287
f 265/343/265 280/351/280 281/353/281
f 273/344/273 288/352/288 289/354/289
f 267/355/267 266/345/266 281/353/281
f 275/330/275 274/329/274 289/354/289
f 267/358/267 282/367/282 283/359/283
f 275/330/275 290/357/290 291/360/291
f 269/335/269 268/332/268 283/359/283
f 277/337/277 276/336/276 291/362/291
f 270/338/270 269/335/269 284/361/284
f 270/338/270 285/364/285 286/366/286
f 282/367/282 297/677/297 298/368/298
f 291/360/291 290/357/290 305/369/305
f 284/361/284 283/359/283 298/368/298
f 291/362/291 306/678/306 307/372/307
f 285/364/285 284/361/284 299/371/299
f 285/364/285 300/373/300 301/375/301
f 278/365/278 293/374/293 294/376/294
f 286/366/286 301/375/301 302/377/302
f 280/351/280 279/349/279 294/376/294
f 288/352/288 287/350/287 302/377/302
f 280/351/280 295/378/295 296/380/296
f 289/354/289 288/352/288 303/379/303
f 282/356/282 281/353/281 296/380/296
f 290/357/290 289/354/289 304/381/304
f 301/375/301 317/399/317 318/383/318
f 294/376/294 310/400/310 311/384/311
f 303/379/303 302/377/302 318/383/318
f 295/378/295 311/384/311 312/386/312
f 303/379/303 319/385/319 320/387/320
f 297/382/297 296/380/296 312/386/312
f 305/369/305 304/381/304 320/387/320
f 297/382/297 313/388/313 314/390/314
f 305/369/305 321/389/321 322/392/322
f 299/371/299 298/368/298 314/393/314
f 307/372/307 306/678/306 322/395/322
f 300/373/300 299/371/299 315/394/315
f 300/373/300 316/397/316 317/399/317
f 293/374/293 309/398/309 310/400/310
f 321/389/321 336/415/336 337/401/337
f 315/394/315 314/393/314 329/402/329
f 322/395/322 337/679/337 338/404/338
f 316/397/316 315/394/315 330/403/330
f 316/397/316 331/405/331 332/407/332
f 310/400/310 309/398/309 324/406/324
f 317/399/317 332/407/332 333/409/333
f 310/400/310 325/408/325 326/410/326
f 319/385/319 318/383/318 333/409/333
f 311/384/311 326/410/326 327/412/327
f 319/385/319 334/411/334 335/413/335
f 313/388/313 312/386/312 327/412/327
f 321/389/321 320/387/320 335/413/335
f 313/388/313 328/414/328 329/416/329
f 326/410/326 325/408/325 340/417/340
f 334/411/334 333/409/333 348/419/348
f 326/410/326 341/418/341 342/421/342
f 334/411/334 349/420/349 350/422/350
f 328/414/328 327/412/327 342/421/342
f 336/415/336 335/413/335 350/422/350
f 328/414/328 343/423/343 344/425/344
f 336/426/336 351/457/351 352/427/352
f 330/429/330 329/416/329 344/425/344
f 338/431/338 337/428/337 352/427/352
f 331/405/331 330/403/330 345/433/345
f 331/405/331 346/434/346 347/437/347
f 324/406/324 339/435/339 340/417/340
f 332/407/332 347/437/347 348/419/348
f 345/430/345 344/425/344 359/438/359
f 352/427/352 367/459/367 368/440/368
f 346/441/346 345/430/345 360/439/360
f 346/434/346 361/680/361 362/445/362
f 339/435/339 354/443/354 355/446/355
f 347/447/347 362/475/362 363/448/363
f 340/417/340 355/446/355 356/450/356
f 349/451/349 348/449/348 363/448/363
f 341/418/341 356/450/356 357/453/357
f 349/451/349 364/452/364 365/454/365
f 343/423/343 342/421/342 357/453/357
f 351/457/351 350/455/350 365/454/365
f 343/423/343 358/456/358 359/438/359
f 351/457/351 366/458/366 367/459/367
f 364/452/364 363/448/363 378/460/378
f 356/450/356 371/477/371 372/462/372
f 364/452/364 379/461/379 380/463/380
f 358/456/358 357/453/357 372/462/372
f 366/458/366 365/454/365 380/463/380
f 358/456/358 373/464/373 374/466/374
f 366/458/366 381/465/381 382/467/382
f 360/439/360 359/438/359 374/466/374
f 368/440/368 367/459/367 382/467/382
f 361/442/361 360/439/360 375/468/375
f 361/473/361 376/479/376 377/474/377
f 355/446/355 354/443/354 369/471/369
f 362/475/362 377/474/377 378/460/378
f 355/446/355 370/476/370 371/477/371
f 382/467/382 397/494/397 398/478/398
f 376/479/376 375/681/375 390/480/390
f 376/479/376 391/481/391 392/484/392
f 369/471/369 384/482/384 385/485/385
f 377/474/377 392/484/392 393/486/393
f 371/477/371 370/476/370 385/485/385
f 379/461/379 378/460/378 393/486/393
f 371/477/371 386/487/386 387/489/387
f 379/461/379 394/488/394 395/490/395
f 373/464/373 372/462/372 387/489/387
f 381/465/381 380/463/380 395/490/395
f 373/464/373 388/491/388 389/493/389
f 381/465/381 396/492/396 397/494/397
f 375/468/375 374/466/374 389/493/389
f 394/488/394 409/512/409 410/496/410
f 388/491/388 387/489/387 402/497/402
f 396/492/396 395/490/395 410/496/410
f 388/491/388 403/498/403 404/500/404
f 396/492/396 411/499/411 412/501/412
f 390/495/390 389/493/389 404/500/404
f 397/494/397 412/501/412 413/503/413
f 391/481/391 390/480/390 405/504/405
f 391/481/391 406/505/406 407/508/407
f 385/485/385 384/482/384 399/506/399
f 392/484/392 407/508/407 408/510/408
f 386/487/386 385/485/385 400/509/400
f 394/488/394 393/486/393 408/510/408
f 386/487/386 401/511/401 402/497/402
f 406/505/406 421/529/421 422/515/422
f 399/506/399 414/513/414 415/516/415
f 407/508/407 422/515/422 423/517/423
f 400/509/400 415/516/415 416/518/416
f 409/512/409 408/510/408 423/517/423
f 401/511/401 416/518/416 417/520/417
f 409/512/409 424/519/424 425/521/425
f 403/498/403 402/497/402 417/520/417
f 411/499/411 410/496/410 425/521/425
f 403/498/403 418/522/418 419/524/419
f 411/499/411 426/523/426 427/525/427
f 405/502/405 404/500/404 419/524/419
f 412/501/412 427/525/427 428/527/428
f 406/505/406 405/504/405 420/528/420
f 418/522/418 417/520/417 432/530/432
f 426/523/426 425/521/425 440/532/440
f 418/522/418 433/531/433 434/534/434
f 426/523/426 441/533/441 442/535/442
f 420/528/420 419/682/419 434/536/434
f 427/525/427 442/535/442 443/538/443
f 421/529/421 420/528/420 435/537/435
f 421/529/421 436/539/436 437/542/437
f 414/513/414 429/540/429 430/543/430
f 422/515/422 437/542/437 438/544/438
f 416/518/416 415/516/415 430/543/430
f 424/519/424 423/517/423 438/544/438
f 416/518/416 431/545/431 432/530/432
f 424/519/424 439/546/439 440/532/440
f 436/539/436 451/561/451 452/547/452
f 429/540/429 444/562/444 445/548/445
f 437/542/437 452/547/452 453/549/453
f 431/545/431 430/543/430 445/548/445
f 439/546/439 438/544/438 453/549/453
f 431/545/431 446/550/446 447/552/447
f 439/546/439 454/551/454 455/553/455
f 433/531/433 432/530/432 447/552/447
f 441/533/441 440/532/440 455/553/455
f 433/531/433 448/554/448 449/556/449
f 441/533/441 456/555/456 457/557/457
f 435/537/435 434/536/434 449/558/449
f 442/535/442 457/557/457 458/560/458
f 436/539/436 435/537/435 450/559/450
f 456/555/456 455/553/455 470/564/470
f 448/554/448 463/580/463 464/566/464
f 456/555/456 471/565/471 472/567/472
f 450/559/450 449/558/449 464/568/464
f 458/560/458 457/557/457 472/567/472
f 451/561/451 450/559/450 465/569/465
f 451/561/451 466/571/466 467/574/467
f 444/562/444 459/572/459 460/575/460
f 452/547/452 467/574/467 468/576/468
f 445/548/445 460/575/460 461/577/461
f 454/551/454 453/549/453 468/576/468
f 446/550/446 461/577/461 462/579/462
f 454/551/454 469/578/469 470/564/470
f 448/554/448 447/552/447 462/579/462
f 460/575/460 459/572/459 474/33/474
f 467/574/467 5/3/5 478/8/478
f 461/577/461 460/575/460 475/4/475
f 468/576/468 478/8/478 6/12/6
f 462/579/462 461/577/461 1/9/1
f 469/578/469 6/12/6 479/16/479
f 463/582/463 462/683/462 476/13/476
f 471/565/471 470/564/470 479/16/479
f 464/583/464 463/582/463 2/19/2
f 471/565/471 480/21/480 481/25/481
f 465/584/465 464/583/464 477/22/477
f 472/585/472 481/28/481 482/30/482
f 466/571/466 465/569/465 3/586/3
f 466/571/466 4/1/4 5/3/5
f 483/587/483 485/590/485 486/588/486
f 485/590/485 487/592/487 488/591/488
f 487/592/487 489/594/489 490/593/490
f 489/594/489 491/596/491 492/595/492
f 491/596/491 493/598/493 494/597/494
f 493/598/493 495/600/495 496/599/496
f 495/600/495 497/684/497 498/601/498
f 497/602/497 499/606/499 500/603/500
f 501/605/501 502/608/502 500/603/500
f 503/607/503 504/610/504 502/608/502
f 505/609/505 506/612/506 504/610/504
f 507/611/507 508/614/508 506/612/506
f 509/613/509 510/616/510 508/614/508
f 511/615/511 512/618/512 510/616/510
f 513/617/513 514/620/514 512/618/512
f 515/619/515 516/685/516 514/620/514
f 515/621/515 517/624/517 518/622/518
f 517/624/517 519/626/519 520/625/520
f 519/626/519 521/628/521 522/627/522
f 521/628/521 523/630/523 524/629/524
f 523/630/523 525/632/525 526/631/526
f 525/632/525 527/634/527 528/633/528
f 527/634/527 529/636/529 530/635/530
f 529/636/529 531/686/531 532/637/532
f 533/638/533 534/642/534 532/639/532
f 535/641/535 536/644/536 534/642/534
f 537/643/537 538/646/538 536/644/536
f 539/645/539 540/648/540 538/646/538
f 541/647/541 542/650/542 540/648/540
f 543/649/543 544/687/544 542/650/542
f 484/653/484 486/688/486 488/689/488
f 488/689/488 490/690/490 492/691/492
f 492/691/492 494/692/494 496/693/496
f 496/693/496 498/694/498 500/695/500
f 500/695/500 502/696/502 504/697/504
f 504/697/504 506/698/506 508/699/508
f 508/699/508 510/700/510 512/701/512
f 512/701/512 514/702/514 516/651/516
f 516/651/516 518/703/518 520/704/520
f 520/704/520 522/705/522 524/706/524
f 524/706/524 526/707/526 528/708/528
f 528/708/528 530/709/530 532/652/532
f 532/652/532 534/710/534 536/711/536
f 536/711/536 538/712/538 540/713/540
f 540/713/540 542/714/542 544/715/544
f 544/715/544 546/716/546 484/653/484
f 484/653/484 488/689/488 492/691/492
f 492/691/492 496/693/496 500/695/500
f 500/695/500 504/697/504 508/699/508
f 508/699/508 512/701/512 516/651/516
f 516/651/516 520/704/520 524/706/524
f 524/706/524 528/708/528 532/652/532
f 532/652/532 536/711/536 540/713/540
f 540/713/540 544/715/544 484/653/484
f 484/653/484 492/691/492 500/695/500
f 500/695/500 508/699/508 516/651/516
f 516/651/516 524/706/524 532/652/532
f 532/652/532 540/713/540 484/653/484
f 484/653/484 500/695/500 516/651/516
f 545/654/545 546/657/546 544/655/544
f 483/587/483 484/589/484 546/657/546
f 485/660/485 483/717/483 545/718/545
f 545/718/545 543/719/543 541/720/541
f 541/720/541 539/721/539 537/722/537
f 537/722/537 535/723/535 533/724/533
f 533/724/533 531/725/531 529/726/529
f 529/726/529 527/727/527 525/728/525
f 525/728/525 523/729/523 521/730/521
f 521/730/521 519/731/519 517/658/517
f 517/658/517 515/732/515 513/733/513
f 513/733/513 511/734/511 509/735/509
f 509/735/509 507/736/507 505/737/505
f 505/737/505 503/738/503 501/659/501
f 501/659/501 499/739/499 497/740/497
f 497/740/497 495/741/495 493/742/493
f 493/742/493 491/743/491 489/744/489
f 489/744/489 487/745/487 485/660/485
f 485/660/485 545/718/545 541/720/541
f 541/720/541 537/722/537 533/724/533
f 533/724/533 529/726/529 525/728/525
f 525/728/525 521/730/521 517/658/517
f 517/658/517 513/733/513 509/735/509
f 509/735/509 505/737/505 501/659/501
f 501/659/501 497/740/497 493/742/493
f 493/742/493 489/744/489 485/660/485
f 485/660/485 541/720/541 533/724/533
f 533/724/533 525/728/525 517/658/517
f 517/658/517 509/735/509 501/659/501
f 501/659/501 493/742/493 485/660/485
f 485/660/485 533/724/533 517/658/517
