# Blender 4.4.3
# www.blender.org
o 梦头
v 0.792740 2.627833 0.000000
v 1.186419 2.234777 0.000000
v 1.399476 1.721225 0.000000
v 1.426894 1.443292 0.000000
v 1.399476 1.165360 0.000000
v 1.186419 0.651808 0.000000
v 0.273024 2.840553 0.056859
v 0.535556 2.759483 0.111533
v 0.777507 2.627833 0.161921
v 0.989579 2.450661 0.206087
v 1.163622 2.234777 0.242332
v 1.292947 1.988477 0.269265
v 1.372586 1.721225 0.285850
v 1.399476 1.443292 0.291450
v 1.372586 1.165360 0.285850
v 1.292947 0.898108 0.269265
v 1.163622 0.651808 0.242332
v 0.989579 0.435924 0.206087
v 0.777507 0.258752 0.161921
v 0.535556 0.127102 0.111533
v 0.273024 0.046032 0.056859
v 0.257183 2.840553 0.111533
v 0.504483 2.759483 0.218780
v 0.732396 2.627833 0.317620
v 0.932163 2.450661 0.404253
v 1.096108 2.234777 0.475352
v 1.217930 1.988477 0.528182
v 1.292947 1.721225 0.560716
v 1.318278 1.443292 0.571701
v 1.292947 1.165360 0.560716
v 1.217930 0.898108 0.528182
v 1.096108 0.651808 0.475352
v 0.932163 0.435924 0.404253
v 0.732396 0.258752 0.317620
v 0.504483 0.127102 0.218780
v 0.257183 0.046032 0.111533
v 0.231459 2.840553 0.161921
v 0.454023 2.759483 0.317620
v 0.659139 2.627833 0.461113
v 0.838925 2.450661 0.586885
v 0.986471 2.234777 0.690104
v 1.096108 1.988477 0.766802
v 1.163622 1.721225 0.814033
v 1.186418 1.443292 0.829981
v 1.163622 1.165360 0.814033
v 1.096108 0.898108 0.766802
v 0.986471 0.651808 0.690104
v 0.838925 0.435924 0.586885
v 0.659139 0.258752 0.461113
v 0.454023 0.127102 0.317620
v 0.231459 0.046032 0.161921
v 0.196839 2.840553 0.206087
v 0.386115 2.759483 0.404253
v 0.560551 2.627833 0.586885
v 0.713447 2.450661 0.746963
v 0.838924 2.234777 0.878335
v 0.932163 1.988477 0.975954
v 0.989579 1.721225 1.036067
v 1.008966 1.443292 1.056365
v 0.989579 1.165360 1.036067
v 0.932163 0.898108 0.975954
v 0.838924 0.651808 0.878335
v 0.713447 0.435924 0.746963
v 0.560551 0.258752 0.586885
v 0.386115 0.127102 0.404253
v 0.196839 0.046032 0.206087
v 0.154656 2.840553 0.242332
v 0.303368 2.759483 0.475352
v 0.440422 2.627833 0.690104
v 0.560551 2.450661 0.878335
v 0.659139 2.234777 1.032813
v 0.732396 1.988477 1.147600
v 0.777507 1.721225 1.218286
v 0.792739 1.443292 1.242154
v 0.777507 1.165360 1.218286
v 0.732396 0.898108 1.147600
v 0.659139 0.651808 1.032813
v 0.560551 0.435924 0.878335
v 0.440422 0.258752 0.690104
v 0.303368 0.127102 0.475352
v 0.154656 0.046032 0.242332
v 0.000000 2.867927 0.000000
v 0.106529 2.840553 0.269265
v 0.208964 2.759483 0.528182
v 0.303368 2.627833 0.766802
v 0.386115 2.450661 0.975954
v 0.454022 2.234777 1.147600
v 0.504483 1.988477 1.275145
v 0.535556 1.721225 1.353687
v 0.546048 1.443292 1.380207
v 0.535556 1.165360 1.353687
v 0.504483 0.898108 1.275145
v 0.454022 0.651808 1.147600
v 0.386115 0.435924 0.975954
v 0.303368 0.258752 0.766802
v 0.208964 0.127102 0.528182
v 0.106529 0.046032 0.269265
v 0.054308 2.840553 0.285850
v 0.106529 2.759483 0.560715
v 0.154656 2.627833 0.814033
v 0.196840 2.450661 1.036067
v 0.231459 2.234777 1.218286
v 0.257183 1.988477 1.353687
v 0.273024 1.721225 1.437066
v 0.278373 1.443292 1.465220
v 0.273024 1.165360 1.437066
v 0.257183 0.898108 1.353687
v 0.231459 0.651808 1.218286
v 0.196840 0.435924 1.036067
v 0.154656 0.258752 0.814033
v 0.106529 0.127102 0.560715
v 0.054308 0.046032 0.285850
v -0.000000 2.840553 0.291450
v -0.000000 2.759483 0.571701
v -0.000000 2.627833 0.829980
v -0.000000 2.450661 1.056365
v -0.000000 2.234777 1.242153
v 0.000000 1.988477 1.380207
v -0.000000 1.721225 1.465220
v -0.000000 1.443292 1.493925
v -0.000000 1.165360 1.465220
v 0.000000 0.898108 1.380207
v -0.000000 0.651808 1.242153
v -0.000000 0.435924 1.056365
v -0.000000 0.258752 0.829980
v -0.000000 0.127102 0.571701
v -0.000000 0.046032 0.291450
v -0.054308 2.840553 0.285850
v -0.106529 2.759483 0.560715
v -0.154656 2.627833 0.814033
v -0.196840 2.450661 1.036067
v -0.231459 2.234777 1.218286
v -0.257183 1.988477 1.353687
v -0.273024 1.721225 1.437066
v -0.278373 1.443292 1.465220
v -0.273024 1.165360 1.437066
v -0.257183 0.898108 1.353687
v -0.231459 0.651808 1.218286
v -0.196840 0.435924 1.036067
v -0.154656 0.258752 0.814033
v -0.106529 0.127102 0.560715
v -0.054308 0.046032 0.285850
v -0.106529 2.840553 0.269265
v -0.208964 2.759483 0.528182
v -0.303368 2.627833 0.766802
v -0.386115 2.450661 0.975954
v -0.454023 2.234777 1.147600
v -0.504483 1.988477 1.275145
v -0.535556 1.721225 1.353687
v -0.546049 1.443292 1.380207
v -0.535556 1.165360 1.353687
v -0.504483 0.898108 1.275145
v -0.454023 0.651808 1.147600
v -0.386115 0.435924 0.975954
v -0.303368 0.258752 0.766802
v -0.208964 0.127102 0.528182
v -0.106529 0.046032 0.269265
v -0.154656 2.840553 0.242332
v -0.303368 2.759483 0.475352
v -0.440423 2.627833 0.690103
v -0.560552 2.450661 0.878335
v -0.659139 2.234777 1.032813
v -0.732396 1.988477 1.147600
v -0.777507 1.721225 1.218286
v -0.792740 1.443292 1.242153
v -0.777507 1.165360 1.218286
v -0.732396 0.898108 1.147600
v -0.659139 0.651808 1.032813
v -0.560552 0.435924 0.878335
v -0.440423 0.258752 0.690103
v -0.303368 0.127102 0.475352
v -0.154656 0.046032 0.242332
v -0.196839 2.840553 0.206086
v -0.386115 2.759483 0.404253
v -0.560551 2.627833 0.586885
v -0.713447 2.450661 0.746963
v -0.838925 2.234777 0.878335
v -0.932163 1.988477 0.975954
v -0.989579 1.721225 1.036067
v -1.008966 1.443292 1.056364
v -0.989579 1.165360 1.036067
v -0.932163 0.898108 0.975954
v -0.838925 0.651808 0.878335
v -0.713447 0.435924 0.746963
v -0.560551 0.258752 0.586885
v -0.386115 0.127102 0.404253
v -0.196839 0.046032 0.206086
v -0.231459 2.840553 0.161921
v -0.454023 2.759483 0.317620
v -0.659139 2.627833 0.461112
v -0.838925 2.450661 0.586885
v -0.986471 2.234777 0.690103
v -1.096108 1.988477 0.766802
v -1.163622 1.721225 0.814032
v -1.186418 1.443292 0.829980
v -1.163622 1.165360 0.814032
v -1.096108 0.898108 0.766802
v -0.986471 0.651808 0.690103
v -0.838925 0.435924 0.586885
v -0.659139 0.258752 0.461112
v -0.454023 0.127102 0.317620
v -0.231459 0.046032 0.161921
v -0.257183 2.840553 0.111533
v -0.504483 2.759483 0.218780
v -0.732396 2.627833 0.317620
v -0.932163 2.450661 0.404253
v -1.096108 2.234777 0.475351
v -1.217930 1.988477 0.528182
v -1.292947 1.721225 0.560715
v -1.318277 1.443292 0.571700
v -1.292947 1.165360 0.560715
v -1.217930 0.898108 0.528182
v -1.096108 0.651808 0.475351
v -0.932163 0.435924 0.404253
v -0.732396 0.258752 0.317620
v -0.504483 0.127102 0.218780
v -0.257183 0.046032 0.111533
v -0.273024 2.840553 0.056859
v -0.535556 2.759483 0.111533
v -0.777507 2.627833 0.161921
v -0.989579 2.450661 0.206086
v -1.163622 2.234777 0.242332
v -1.292947 1.988477 0.269265
v -1.372585 1.721225 0.285850
v -1.399475 1.443292 0.291450
v -1.372585 1.165360 0.285850
v -1.292947 0.898108 0.269265
v -1.163622 0.651808 0.242332
v -0.989579 0.435924 0.206086
v -0.777507 0.258752 0.161921
v -0.535556 0.127102 0.111533
v -0.273024 0.046032 0.056859
v -0.278373 2.840553 -0.000000
v -0.546048 2.759483 -0.000000
v -0.792739 2.627833 -0.000000
v -1.008966 2.450661 -0.000000
v -1.186418 2.234777 -0.000000
v -1.318277 1.988477 -0.000000
v -1.399476 1.721225 -0.000000
v -1.426893 1.443292 -0.000001
v -1.399476 1.165360 -0.000000
v -1.318277 0.898108 -0.000000
v -1.186418 0.651808 -0.000000
v -1.008966 0.435924 -0.000000
v -0.792739 0.258752 -0.000000
v -0.546048 0.127102 -0.000000
v -0.278373 0.046032 -0.000000
v -0.273024 2.840553 -0.056859
v -0.535556 2.759483 -0.111533
v -0.777507 2.627833 -0.161921
v -0.989579 2.450661 -0.206087
v -1.163621 2.234777 -0.242332
v -1.292947 1.988477 -0.269265
v -1.372585 1.721225 -0.285850
v -1.399475 1.443292 -0.291451
v -1.372585 1.165360 -0.285850
v -1.292947 0.898108 -0.269265
v -1.163621 0.651808 -0.242332
v -0.989579 0.435924 -0.206087
v -0.777507 0.258752 -0.161921
v -0.535556 0.127102 -0.111533
v -0.273024 0.046032 -0.056859
v -0.257183 2.840553 -0.111533
v -0.504483 2.759483 -0.218780
v -0.732395 2.627833 -0.317620
v -0.932163 2.450661 -0.404253
v -1.096107 2.234777 -0.475352
v -1.217929 1.988477 -0.528182
v -1.292947 1.721225 -0.560716
v -1.318277 1.443292 -0.571701
v -1.292947 1.165360 -0.560716
v -1.217929 0.898108 -0.528182
v -1.096107 0.651808 -0.475352
v -0.932163 0.435924 -0.404253
v -0.732395 0.258752 -0.317620
v -0.504483 0.127102 -0.218780
v -0.257183 0.046032 -0.111533
v -0.231459 2.840553 -0.161921
v -0.454023 2.759483 -0.317620
v -0.659138 2.627833 -0.461112
v -0.838924 2.450661 -0.586885
v -0.986470 2.234777 -0.690103
v -1.096108 1.988477 -0.766802
v -1.163621 1.721225 -0.814033
v -1.186417 1.443292 -0.829980
v -1.163621 1.165360 -0.814033
v -1.096108 0.898108 -0.766802
v -0.986470 0.651808 -0.690103
v -0.838924 0.435924 -0.586885
v -0.659138 0.258752 -0.461112
v -0.454023 0.127102 -0.317620
v -0.231459 0.046032 -0.161921
v -0.196839 2.840553 -0.206086
v -0.386114 2.759483 -0.404253
v -0.560551 2.627833 -0.586885
v -0.713447 2.450661 -0.746963
v -0.838924 2.234777 -0.878335
v -0.932163 1.988477 -0.975954
v -0.989579 1.721225 -1.036067
v -1.008965 1.443292 -1.056364
v -0.989579 1.165360 -1.036067
v -0.932163 0.898108 -0.975954
v -0.838924 0.651808 -0.878335
v -0.713447 0.435924 -0.746963
v -0.560551 0.258752 -0.586885
v -0.386114 0.127102 -0.404253
v -0.196839 0.046032 -0.206086
v 0.000000 0.018658 0.000000
v -0.154656 2.840553 -0.242332
v -0.303368 2.759483 -0.475352
v -0.440422 2.627833 -0.690103
v -0.560551 2.450661 -0.878335
v -0.659138 2.234777 -1.032813
v -0.732396 1.988477 -1.147600
v -0.777507 1.721225 -1.218286
v -0.792738 1.443292 -1.242153
v -0.777507 1.165360 -1.218286
v -0.732396 0.898108 -1.147600
v -0.659138 0.651808 -1.032813
v -0.560551 0.435924 -0.878335
v -0.440422 0.258752 -0.690103
v -0.303368 0.127102 -0.475352
v -0.154656 0.046032 -0.242332
v -0.106529 2.840553 -0.269265
v -0.208964 2.759483 -0.528182
v -0.303368 2.627833 -0.766802
v -0.386114 2.450661 -0.975954
v -0.454022 2.234777 -1.147600
v -0.504483 1.988477 -1.275145
v -0.535556 1.721225 -1.353687
v -0.546047 1.443292 -1.380206
v -0.535556 1.165360 -1.353687
v -0.504483 0.898108 -1.275145
v -0.454022 0.651808 -1.147600
v -0.386114 0.435924 -0.975954
v -0.303368 0.258752 -0.766802
v -0.208964 0.127102 -0.528182
v -0.106529 0.046032 -0.269265
v -0.054308 2.840553 -0.285850
v -0.106529 2.759483 -0.560715
v -0.154655 2.627833 -0.814032
v -0.196839 2.450661 -1.036067
v -0.231458 2.234777 -1.218285
v -0.257183 1.988477 -1.353686
v -0.273024 1.721225 -1.437066
v -0.278372 1.443292 -1.465219
v -0.273024 1.165360 -1.437066
v -0.257183 0.898108 -1.353686
v -0.231458 0.651808 -1.218285
v -0.196839 0.435924 -1.036067
v -0.154655 0.258752 -0.814032
v -0.106529 0.127102 -0.560715
v -0.054308 0.046032 -0.285850
v 0.000000 2.840553 -0.291450
v 0.000000 2.759483 -0.571700
v 0.000000 2.627833 -0.829980
v 0.000000 2.450661 -1.056365
v 0.000000 2.234777 -1.242153
v 0.000000 1.988477 -1.380207
v 0.000000 1.721225 -1.465219
v 0.000001 1.443292 -1.493924
v 0.000000 1.165360 -1.465219
v 0.000000 0.898108 -1.380207
v 0.000000 0.651808 -1.242153
v 0.000000 0.435924 -1.056365
v 0.000000 0.258752 -0.829980
v 0.000000 0.127102 -0.571700
v 0.000000 0.046032 -0.291450
v 0.054308 2.840553 -0.285850
v 0.106529 2.759483 -0.560715
v 0.154656 2.627833 -0.814032
v 0.196840 2.450661 -1.036067
v 0.231459 2.234777 -1.218285
v 0.257183 1.988477 -1.353686
v 0.273025 1.721225 -1.437066
v 0.278374 1.443292 -1.465219
v 0.273025 1.165360 -1.437066
v 0.257183 0.898108 -1.353686
v 0.231459 0.651808 -1.218285
v 0.196840 0.435924 -1.036067
v 0.154656 0.258752 -0.814032
v 0.106529 0.127102 -0.560715
v 0.054308 0.046032 -0.285850
v 0.106529 2.840553 -0.269265
v 0.208964 2.759483 -0.528182
v 0.303368 2.627833 -0.766801
v 0.386115 2.450661 -0.975954
v 0.454023 2.234777 -1.147600
v 0.504483 1.988477 -1.275145
v 0.535556 1.721225 -1.353686
v 0.546049 1.443292 -1.380206
v 0.535556 1.165360 -1.353686
v 0.504483 0.898108 -1.275145
v 0.454023 0.651808 -1.147600
v 0.386115 0.435924 -0.975954
v 0.303368 0.258752 -0.766801
v 0.208964 0.127102 -0.528182
v 0.106529 0.046032 -0.269265
v 0.154656 2.840553 -0.242332
v 0.303368 2.759483 -0.475351
v 0.440422 2.627833 -0.690103
v 0.560551 2.450661 -0.878335
v 0.659139 2.234777 -1.032812
v 0.732396 1.988477 -1.147600
v 0.777507 1.721225 -1.218285
v 0.792739 1.443292 -1.242152
v 0.777507 1.165360 -1.218285
v 0.732396 0.898108 -1.147600
v 0.659139 0.651808 -1.032812
v 0.560551 0.435924 -0.878335
v 0.440422 0.258752 -0.690103
v 0.303368 0.127102 -0.475351
v 0.154656 0.046032 -0.242332
v 0.196839 2.840553 -0.206086
v 0.386114 2.759483 -0.404253
v 0.560551 2.627833 -0.586884
v 0.713447 2.450661 -0.746962
v 0.838924 2.234777 -0.878334
v 0.932163 1.988477 -0.975953
v 0.989579 1.721225 -1.036066
v 1.008965 1.443292 -1.056363
v 0.989579 1.165360 -1.036066
v 0.932163 0.898108 -0.975953
v 0.838924 0.651808 -0.878334
v 0.713447 0.435924 -0.746962
v 0.560551 0.258752 -0.586884
v 0.386114 0.127102 -0.404253
v 0.196839 0.046032 -0.206086
v 0.231459 2.840553 -0.161921
v 0.454023 2.759483 -0.317620
v 0.659138 2.627833 -0.461112
v 0.838924 2.450661 -0.586885
v 0.986471 2.234777 -0.690103
v 1.096107 1.988477 -0.766802
v 1.163621 1.721225 -0.814032
v 1.186418 1.443292 -0.829979
v 1.163621 1.165360 -0.814032
v 1.096107 0.898108 -0.766802
v 0.986471 0.651808 -0.690103
v 0.838924 0.435924 -0.586885
v 0.659138 0.258752 -0.461112
v 0.454023 0.127102 -0.317620
v 0.231459 0.046032 -0.161921
v 0.257183 2.840553 -0.111533
v 0.504483 2.759483 -0.218780
v 0.732395 2.627833 -0.317619
v 0.932163 2.450661 -0.404253
v 1.096107 2.234777 -0.475351
v 1.217929 1.988477 -0.528182
v 1.292947 1.721225 -0.560715
v 1.318277 1.443292 -0.571699
v 1.292947 1.165360 -0.560715
v 1.217929 0.898108 -0.528182
v 1.096107 0.651808 -0.475351
v 0.932163 0.435924 -0.404253
v 0.732395 0.258752 -0.317619
v 0.504483 0.127102 -0.218780
v 0.257183 0.046032 -0.111533
v 0.273024 2.840553 -0.056859
v 0.535556 2.759483 -0.111533
v 0.777506 2.627833 -0.161921
v 0.989579 2.450661 -0.206086
v 1.163621 2.234777 -0.242332
v 1.292947 1.988477 -0.269265
v 1.372585 1.721225 -0.285850
v 1.399475 1.443292 -0.291449
v 1.372585 1.165360 -0.285850
v 1.292947 0.898108 -0.269265
v 1.163621 0.651808 -0.242332
v 0.989579 0.435924 -0.206086
v 0.777506 0.258752 -0.161921
v 0.535556 0.127102 -0.111533
v 0.273024 0.046032 -0.056859
v 0.278373 2.840553 0.000000
v 0.546048 2.759483 0.000000
v 1.008966 2.450661 0.000000
v 1.318277 1.988477 0.000000
v 1.318277 0.898108 0.000000
v 1.008966 0.435924 0.000000
v 0.792739 0.258752 0.000000
v 0.546048 0.127102 0.000000
v 0.278373 0.046032 0.000000
vn 0.5592 0.8291 -0.0000
vn 0.8329 0.5534 -0.0000
vn 0.9810 0.1942 -0.0000
vn 1.0000 -0.0000 -0.0000
vn 0.9810 -0.1942 -0.0000
vn 0.8329 -0.5534 -0.0000
vn 0.1968 0.9797 0.0374
vn 0.3800 0.9222 0.0722
vn 0.5487 0.8295 0.1042
vn 0.6965 0.7052 0.1323
vn 0.8179 0.5540 0.1554
vn 0.9081 0.3816 0.1725
vn 0.9637 0.1945 0.1831
vn 0.9824 -0.0000 0.1866
vn 0.9637 -0.1945 0.1831
vn 0.9081 -0.3816 0.1725
vn 0.8179 -0.5540 0.1554
vn 0.6965 -0.7052 0.1323
vn 0.5487 -0.8295 0.1042
vn 0.3800 -0.9222 0.0722
vn 0.1968 -0.9797 0.0374
vn 0.1854 0.9799 0.0734
vn 0.3582 0.9228 0.1417
vn 0.5176 0.8307 0.2048
vn 0.6577 0.7069 0.2602
vn 0.7730 0.5559 0.3058
vn 0.8589 0.3832 0.3398
vn 0.9119 0.1954 0.3608
vn 0.9299 -0.0000 0.3679
vn 0.9119 -0.1954 0.3608
vn 0.8589 -0.3832 0.3398
vn 0.7730 -0.5559 0.3058
vn 0.6577 -0.7069 0.2602
vn 0.5176 -0.8307 0.2048
vn 0.3582 -0.9228 0.1417
vn 0.1854 -0.9799 0.0734
vn 0.1669 0.9802 0.1065
vn 0.3227 0.9238 0.2060
vn 0.4669 0.8326 0.2980
vn 0.5941 0.7095 0.3791
vn 0.6992 0.5586 0.4462
vn 0.7778 0.3855 0.4964
vn 0.8265 0.1968 0.5275
vn 0.8430 -0.0000 0.5380
vn 0.8265 -0.1968 0.5275
vn 0.7778 -0.3855 0.4964
vn 0.6992 -0.5586 0.4462
vn 0.5941 -0.7095 0.3791
vn 0.4669 -0.8326 0.2980
vn 0.3227 -0.9238 0.2060
vn 0.1669 -0.9802 0.1065
vn 0.1420 0.9805 0.1356
vn 0.2748 0.9250 0.2625
vn 0.3981 0.8348 0.3803
vn 0.5074 0.7125 0.4846
vn 0.5981 0.5620 0.5713
vn 0.6664 0.3884 0.6365
vn 0.7088 0.1985 0.6770
vn 0.7231 -0.0000 0.6907
vn 0.7088 -0.1985 0.6770
vn 0.6664 -0.3884 0.6365
vn 0.5981 -0.5620 0.5713
vn 0.5074 -0.7125 0.4846
vn 0.3981 -0.8348 0.3803
vn 0.2748 -0.9250 0.2625
vn 0.1420 -0.9805 0.1356
vn 0.1116 0.9809 0.1596
vn 0.2162 0.9262 0.3090
vn 0.3136 0.8370 0.4483
vn 0.4004 0.7156 0.5723
vn 0.4728 0.5654 0.6759
vn 0.5275 0.3913 0.7540
vn 0.5616 0.2002 0.8028
vn 0.5732 -0.0000 0.8194
vn 0.5616 -0.2002 0.8028
vn 0.5275 -0.3913 0.7540
vn 0.4728 -0.5654 0.6759
vn 0.4004 -0.7156 0.5723
vn 0.3136 -0.8370 0.4483
vn 0.2162 -0.9262 0.3090
vn 0.1116 -0.9809 0.1596
vn -0.0000 1.0000 -0.0000
vn 0.0769 0.9811 0.1773
vn 0.1491 0.9271 0.3438
vn 0.2165 0.8389 0.4993
vn 0.2768 0.7183 0.6383
vn 0.3274 0.5683 0.7549
vn 0.3657 0.3939 0.8433
vn 0.3897 0.2016 0.8986
vn 0.3979 -0.0000 0.9174
vn 0.3897 -0.2016 0.8986
vn 0.3657 -0.3939 0.8433
vn 0.3274 -0.5683 0.7549
vn 0.2768 -0.7183 0.6383
vn 0.2165 -0.8389 0.4993
vn 0.1491 -0.9271 0.3438
vn 0.0769 -0.9811 0.1773
vn 0.0392 0.9813 0.1883
vn 0.0761 0.9278 0.3652
vn 0.1106 0.8402 0.5309
vn 0.1415 0.7201 0.6793
vn 0.1675 0.5703 0.8042
vn 0.1873 0.3956 0.8991
vn 0.1997 0.2026 0.9587
vn 0.2039 -0.0000 0.9790
vn 0.1997 -0.2026 0.9587
vn 0.1873 -0.3956 0.8991
vn 0.1675 -0.5703 0.8042
vn 0.1415 -0.7201 0.6793
vn 0.1106 -0.8402 0.5309
vn 0.0761 -0.9278 0.3652
vn 0.0392 -0.9813 0.1883
vn -0.0000 0.9814 0.1920
vn -0.0000 0.9281 0.3724
vn -0.0000 0.8407 0.5416
vn -0.0000 0.7207 0.6932
vn -0.0000 0.5710 0.8209
vn -0.0000 0.3962 0.9182
vn -0.0000 0.2030 0.9792
vn -0.0000 -0.0000 1.0000
vn -0.0000 -0.2030 0.9792
vn -0.0000 -0.3962 0.9182
vn -0.0000 -0.5710 0.8209
vn -0.0000 -0.7207 0.6932
vn -0.0000 -0.8407 0.5416
vn -0.0000 -0.9281 0.3724
vn -0.0000 -0.9814 0.1920
vn -0.0392 0.9813 0.1883
vn -0.0761 0.9278 0.3652
vn -0.1106 0.8402 0.5309
vn -0.1415 0.7201 0.6793
vn -0.1675 0.5703 0.8042
vn -0.1872 0.3956 0.8991
vn -0.1997 0.2026 0.9587
vn -0.2039 -0.0000 0.9790
vn -0.1997 -0.2026 0.9587
vn -0.1872 -0.3956 0.8991
vn -0.1675 -0.5703 0.8042
vn -0.1415 -0.7201 0.6793
vn -0.1106 -0.8402 0.5309
vn -0.0761 -0.9278 0.3652
vn -0.0392 -0.9813 0.1883
vn -0.0769 0.9811 0.1773
vn -0.1491 0.9271 0.3438
vn -0.2165 0.8389 0.4993
vn -0.2768 0.7183 0.6383
vn -0.3274 0.5683 0.7549
vn -0.3657 0.3939 0.8433
vn -0.3897 0.2016 0.8986
vn -0.3979 -0.0000 0.9174
vn -0.3897 -0.2016 0.8986
vn -0.3657 -0.3939 0.8433
vn -0.3274 -0.5683 0.7549
vn -0.2768 -0.7183 0.6383
vn -0.2165 -0.8389 0.4993
vn -0.1491 -0.9271 0.3438
vn -0.0769 -0.9811 0.1773
vn -0.1116 0.9809 0.1596
vn -0.2162 0.9262 0.3090
vn -0.3136 0.8370 0.4483
vn -0.4004 0.7156 0.5723
vn -0.4728 0.5654 0.6759
vn -0.5275 0.3913 0.7541
vn -0.5616 0.2002 0.8028
vn -0.5732 -0.0000 0.8194
vn -0.5616 -0.2002 0.8028
vn -0.5275 -0.3913 0.7541
vn -0.4728 -0.5654 0.6759
vn -0.4004 -0.7156 0.5723
vn -0.3136 -0.8370 0.4483
vn -0.2162 -0.9262 0.3090
vn -0.1116 -0.9809 0.1596
vn -0.1420 0.9805 0.1356
vn -0.2748 0.9250 0.2625
vn -0.3981 0.8348 0.3803
vn -0.5074 0.7125 0.4846
vn -0.5981 0.5620 0.5713
vn -0.6664 0.3884 0.6365
vn -0.7088 0.1985 0.6770
vn -0.7231 -0.0000 0.6907
vn -0.7088 -0.1985 0.6770
vn -0.6664 -0.3884 0.6365
vn -0.5981 -0.5620 0.5713
vn -0.5074 -0.7125 0.4846
vn -0.3981 -0.8348 0.3803
vn -0.2748 -0.9250 0.2625
vn -0.1420 -0.9805 0.1356
vn -0.1669 0.9802 0.1065
vn -0.3227 0.9238 0.2060
vn -0.4669 0.8326 0.2980
vn -0.5941 0.7095 0.3791
vn -0.6992 0.5586 0.4462
vn -0.7778 0.3855 0.4964
vn -0.8265 0.1968 0.5275
vn -0.8430 -0.0000 0.5380
vn -0.8265 -0.1968 0.5275
vn -0.7778 -0.3855 0.4964
vn -0.6992 -0.5586 0.4462
vn -0.5941 -0.7095 0.3791
vn -0.4669 -0.8326 0.2980
vn -0.3227 -0.9238 0.2060
vn -0.1669 -0.9802 0.1065
vn -0.1854 0.9799 0.0734
vn -0.3582 0.9228 0.1417
vn -0.5176 0.8307 0.2048
vn -0.6577 0.7069 0.2602
vn -0.7730 0.5559 0.3058
vn -0.8589 0.3832 0.3398
vn -0.9119 0.1954 0.3608
vn -0.9299 -0.0000 0.3679
vn -0.9119 -0.1954 0.3608
vn -0.8589 -0.3832 0.3398
vn -0.7730 -0.5559 0.3058
vn -0.6577 -0.7069 0.2602
vn -0.5176 -0.8307 0.2048
vn -0.3582 -0.9228 0.1417
vn -0.1854 -0.9799 0.0734
vn -0.1968 0.9797 0.0374
vn -0.3800 0.9222 0.0722
vn -0.5487 0.8295 0.1042
vn -0.6965 0.7052 0.1323
vn -0.8179 0.5540 0.1554
vn -0.9081 0.3816 0.1725
vn -0.9637 0.1945 0.1831
vn -0.9824 -0.0000 0.1866
vn -0.9637 -0.1945 0.1831
vn -0.9081 -0.3816 0.1725
vn -0.8179 -0.5540 0.1554
vn -0.6965 -0.7052 0.1323
vn -0.5487 -0.8295 0.1042
vn -0.3800 -0.9222 0.0722
vn -0.1968 -0.9797 0.0374
vn -0.2007 0.9797 -0.0000
vn -0.3874 0.9219 -0.0000
vn -0.5592 0.8291 -0.0000
vn -0.7096 0.7046 -0.0000
vn -0.8329 0.5534 -0.0000
vn -0.9246 0.3811 -0.0000
vn -0.9810 0.1942 -0.0000
vn -1.0000 -0.0000 -0.0000
vn -0.9810 -0.1942 -0.0000
vn -0.9246 -0.3811 -0.0000
vn -0.8329 -0.5534 -0.0000
vn -0.7096 -0.7046 -0.0000
vn -0.5592 -0.8291 -0.0000
vn -0.3874 -0.9219 -0.0000
vn -0.2007 -0.9797 -0.0000
vn -0.1968 0.9797 -0.0374
vn -0.3800 0.9222 -0.0722
vn -0.5487 0.8295 -0.1042
vn -0.6965 0.7052 -0.1323
vn -0.8179 0.5540 -0.1554
vn -0.9081 0.3816 -0.1725
vn -0.9637 0.1945 -0.1831
vn -0.9824 -0.0000 -0.1867
vn -0.9637 -0.1945 -0.1831
vn -0.9081 -0.3816 -0.1725
vn -0.8179 -0.5540 -0.1554
vn -0.6965 -0.7052 -0.1323
vn -0.5487 -0.8295 -0.1042
vn -0.3800 -0.9222 -0.0722
vn -0.1968 -0.9797 -0.0374
vn -0.1854 0.9799 -0.0734
vn -0.3582 0.9228 -0.1417
vn -0.5176 0.8307 -0.2048
vn -0.6577 0.7069 -0.2602
vn -0.7730 0.5559 -0.3058
vn -0.8589 0.3832 -0.3398
vn -0.9119 0.1954 -0.3608
vn -0.9299 -0.0000 -0.3679
vn -0.9119 -0.1954 -0.3608
vn -0.8589 -0.3832 -0.3398
vn -0.7730 -0.5559 -0.3058
vn -0.6577 -0.7069 -0.2602
vn -0.5176 -0.8307 -0.2048
vn -0.3582 -0.9228 -0.1417
vn -0.1854 -0.9799 -0.0734
vn -0.1669 0.9802 -0.1065
vn -0.3227 0.9238 -0.2060
vn -0.4669 0.8326 -0.2980
vn -0.5941 0.7095 -0.3791
vn -0.6992 0.5586 -0.4462
vn -0.7778 0.3855 -0.4964
vn -0.8265 0.1968 -0.5275
vn -0.8430 -0.0000 -0.5380
vn -0.8265 -0.1968 -0.5275
vn -0.7778 -0.3855 -0.4964
vn -0.6992 -0.5586 -0.4462
vn -0.5941 -0.7095 -0.3791
vn -0.4669 -0.8326 -0.2980
vn -0.3227 -0.9238 -0.2060
vn -0.1669 -0.9802 -0.1065
vn -0.1420 0.9805 -0.1356
vn -0.2748 0.9250 -0.2625
vn -0.3981 0.8348 -0.3803
vn -0.5074 0.7125 -0.4846
vn -0.5981 0.5620 -0.5713
vn -0.6664 0.3884 -0.6365
vn -0.7088 0.1985 -0.6770
vn -0.7231 -0.0000 -0.6907
vn -0.7088 -0.1985 -0.6770
vn -0.6664 -0.3884 -0.6365
vn -0.5981 -0.5620 -0.5713
vn -0.5074 -0.7125 -0.4846
vn -0.3981 -0.8348 -0.3803
vn -0.2748 -0.9250 -0.2625
vn -0.1420 -0.9805 -0.1356
vn -0.0000 -1.0000 -0.0000
vn -0.1116 0.9809 -0.1596
vn -0.2162 0.9262 -0.3090
vn -0.3136 0.8370 -0.4483
vn -0.4004 0.7156 -0.5723
vn -0.4728 0.5654 -0.6759
vn -0.5275 0.3913 -0.7540
vn -0.5616 0.2002 -0.8028
vn -0.5732 -0.0000 -0.8194
vn -0.5616 -0.2002 -0.8028
vn -0.5275 -0.3913 -0.7540
vn -0.4728 -0.5654 -0.6759
vn -0.4004 -0.7156 -0.5723
vn -0.3136 -0.8370 -0.4483
vn -0.2162 -0.9262 -0.3090
vn -0.1116 -0.9809 -0.1596
vn -0.0769 0.9811 -0.1773
vn -0.1491 0.9271 -0.3438
vn -0.2165 0.8389 -0.4993
vn -0.2768 0.7183 -0.6383
vn -0.3274 0.5683 -0.7549
vn -0.3657 0.3939 -0.8433
vn -0.3897 0.2016 -0.8986
vn -0.3979 -0.0000 -0.9174
vn -0.3897 -0.2016 -0.8986
vn -0.3657 -0.3939 -0.8433
vn -0.3274 -0.5683 -0.7549
vn -0.2768 -0.7183 -0.6383
vn -0.2165 -0.8389 -0.4993
vn -0.1491 -0.9271 -0.3438
vn -0.0769 -0.9811 -0.1773
vn -0.0392 0.9813 -0.1883
vn -0.0761 0.9278 -0.3652
vn -0.1106 0.8402 -0.5309
vn -0.1415 0.7201 -0.6793
vn -0.1675 0.5703 -0.8042
vn -0.1873 0.3956 -0.8991
vn -0.1997 0.2026 -0.9587
vn -0.2039 -0.0000 -0.9790
vn -0.1997 -0.2026 -0.9587
vn -0.1873 -0.3956 -0.8991
vn -0.1675 -0.5703 -0.8042
vn -0.1415 -0.7201 -0.6793
vn -0.1106 -0.8402 -0.5309
vn -0.0761 -0.9278 -0.3652
vn -0.0392 -0.9813 -0.1883
vn -0.0000 0.9814 -0.1920
vn -0.0000 0.9281 -0.3724
vn -0.0000 0.8407 -0.5416
vn -0.0000 0.7207 -0.6932
vn -0.0000 0.5710 -0.8209
vn -0.0000 0.3962 -0.9182
vn -0.0000 0.2030 -0.9792
vn -0.0000 -0.0000 -1.0000
vn -0.0000 -0.2030 -0.9792
vn -0.0000 -0.3962 -0.9182
vn -0.0000 -0.5710 -0.8209
vn -0.0000 -0.7207 -0.6932
vn -0.0000 -0.8407 -0.5416
vn -0.0000 -0.9281 -0.3724
vn -0.0000 -0.9814 -0.1920
vn 0.0392 0.9813 -0.1883
vn 0.0761 0.9278 -0.3652
vn 0.1106 0.8402 -0.5309
vn 0.1415 0.7201 -0.6793
vn 0.1675 0.5703 -0.8042
vn 0.1872 0.3956 -0.8991
vn 0.1997 0.2026 -0.9587
vn 0.2039 -0.0000 -0.9790
vn 0.1997 -0.2026 -0.9587
vn 0.1872 -0.3956 -0.8991
vn 0.1675 -0.5703 -0.8042
vn 0.1415 -0.7201 -0.6793
vn 0.1106 -0.8402 -0.5309
vn 0.0761 -0.9278 -0.3652
vn 0.0392 -0.9813 -0.1883
vn 0.0769 0.9811 -0.1773
vn 0.1491 0.9271 -0.3438
vn 0.2165 0.8389 -0.4993
vn 0.2768 0.7183 -0.6383
vn 0.3274 0.5683 -0.7549
vn 0.3657 0.3939 -0.8433
vn 0.3897 0.2016 -0.8986
vn 0.3979 -0.0000 -0.9174
vn 0.3897 -0.2016 -0.8986
vn 0.3657 -0.3939 -0.8433
vn 0.3274 -0.5683 -0.7549
vn 0.2768 -0.7183 -0.6383
vn 0.2165 -0.8389 -0.4993
vn 0.1491 -0.9271 -0.3438
vn 0.0769 -0.9811 -0.1773
vn 0.1116 0.9809 -0.1596
vn 0.2162 0.9262 -0.3090
vn 0.3136 0.8370 -0.4483
vn 0.4004 0.7156 -0.5723
vn 0.4728 0.5654 -0.6759
vn 0.5275 0.3913 -0.7541
vn 0.5616 0.2002 -0.8028
vn 0.5732 -0.0000 -0.8194
vn 0.5616 -0.2002 -0.8028
vn 0.5275 -0.3913 -0.7541
vn 0.4728 -0.5654 -0.6759
vn 0.4004 -0.7156 -0.5723
vn 0.3136 -0.8370 -0.4483
vn 0.2162 -0.9262 -0.3090
vn 0.1116 -0.9809 -0.1596
vn 0.1420 0.9805 -0.1356
vn 0.2748 0.9250 -0.2625
vn 0.3981 0.8348 -0.3803
vn 0.5074 0.7125 -0.4846
vn 0.5981 0.5620 -0.5713
vn 0.6664 0.3884 -0.6365
vn 0.7088 0.1985 -0.6770
vn 0.7231 -0.0000 -0.6907
vn 0.7088 -0.1985 -0.6770
vn 0.6664 -0.3884 -0.6365
vn 0.5981 -0.5620 -0.5713
vn 0.5074 -0.7125 -0.4846
vn 0.3981 -0.8348 -0.3803
vn 0.2748 -0.9250 -0.2625
vn 0.1420 -0.9805 -0.1356
vn 0.1669 0.9802 -0.1065
vn 0.3227 0.9238 -0.2060
vn 0.4669 0.8326 -0.2980
vn 0.5941 0.7095 -0.3791
vn 0.6992 0.5586 -0.4462
vn 0.7778 0.3855 -0.4964
vn 0.8265 0.1968 -0.5275
vn 0.8430 -0.0000 -0.5380
vn 0.8265 -0.1968 -0.5275
vn 0.7778 -0.3855 -0.4964
vn 0.6992 -0.5586 -0.4462
vn 0.5941 -0.7095 -0.3791
vn 0.4669 -0.8326 -0.2980
vn 0.3227 -0.9238 -0.2060
vn 0.1669 -0.9802 -0.1065
vn 0.1854 0.9799 -0.0734
vn 0.3582 0.9228 -0.1417
vn 0.5176 0.8307 -0.2048
vn 0.6577 0.7069 -0.2602
vn 0.7730 0.5559 -0.3058
vn 0.8589 0.3832 -0.3398
vn 0.9119 0.1954 -0.3608
vn 0.9299 -0.0000 -0.3679
vn 0.9119 -0.1954 -0.3608
vn 0.8589 -0.3832 -0.3398
vn 0.7730 -0.5559 -0.3058
vn 0.6577 -0.7069 -0.2602
vn 0.5176 -0.8307 -0.2048
vn 0.3582 -0.9228 -0.1417
vn 0.1854 -0.9799 -0.0734
vn 0.1968 0.9797 -0.0374
vn 0.3800 0.9222 -0.0722
vn 0.5487 0.8295 -0.1042
vn 0.6965 0.7052 -0.1323
vn 0.8179 0.5540 -0.1554
vn 0.9081 0.3816 -0.1725
vn 0.9637 0.1945 -0.1831
vn 0.9824 -0.0000 -0.1866
vn 0.9637 -0.1945 -0.1831
vn 0.9081 -0.3816 -0.1725
vn 0.8179 -0.5540 -0.1554
vn 0.6965 -0.7052 -0.1323
vn 0.5487 -0.8295 -0.1042
vn 0.3800 -0.9222 -0.0722
vn 0.1968 -0.9797 -0.0374
vn 0.2007 0.9797 -0.0000
vn 0.3874 0.9219 -0.0000
vn 0.7096 0.7046 -0.0000
vn 0.9246 0.3811 -0.0000
vn 0.9246 -0.3811 -0.0000
vn 0.7096 -0.7046 -0.0000
vn 0.5592 -0.8291 -0.0000
vn 0.3874 -0.9219 -0.0000
vn 0.2007 -0.9797 -0.0000
vt 0.467382 0.068188
vt 0.510516 0.031311
vt 0.507715 0.068188
vt 0.406183 0.606401
vt 0.434278 0.579346
vt 0.440796 0.594460
vt 0.462803 0.109216
vt 0.505620 0.109216
vt 0.475030 0.571062
vt 0.478353 0.578767
vt 0.504313 0.152817
vt 0.460657 0.152817
vt 0.103162 0.555228
vt 0.110621 0.511689
vt 0.111458 0.556083
vt 0.517411 0.559925
vt 0.503843 0.197317
vt 0.461026 0.197317
vt 0.098401 0.597343
vt 0.114674 0.599019
vt 0.504228 0.241003
vt 0.463895 0.241003
vt 0.096522 0.636414
vt 0.120146 0.638848
vt 0.505453 0.282199
vt 0.469154 0.282199
vt 0.097597 0.670941
vt 0.127665 0.674039
vt 0.507472 0.319321
vt 0.476602 0.319321
vt 0.474217 0.031311
vt 0.513915 -0.000000
vt 0.510206 0.350941
vt 0.485952 0.350941
vt 0.538933 0.319956
vt 0.547510 0.032057
vt 0.534925 0.351440
vt 0.548821 0.069018
vt 0.391898 0.561166
vt 0.430956 0.563301
vt 0.549258 0.110097
vt 0.473337 0.562882
vt 0.548806 0.153715
vt 0.119768 0.555237
vt 0.547481 0.198197
vt 0.130975 0.597359
vt 0.545334 0.241833
vt 0.143811 0.636438
vt 0.542447 0.282946
vt 0.157785 0.670971
vt 0.473337 0.554542
vt 0.592426 0.155476
vt 0.590263 0.199924
vt 0.146677 0.592426
vt 0.585633 0.243460
vt 0.166608 0.629275
vt 0.578716 0.284410
vt 0.186799 0.661855
vt 0.569777 0.321201
vt 0.545376 0.000635
vt 0.583779 0.033521
vt 0.357663 0.526330
vt 0.391898 0.537416
vt 0.589121 0.070645
vt 0.430956 0.546942
vt 0.592040 0.111824
vt 0.127773 0.552721
vt 0.396721 0.514123
vt 0.627065 0.073007
vt 0.434278 0.530897
vt 0.632322 0.114332
vt 0.475030 0.546363
vt 0.633497 0.158033
vt 0.135165 0.548634
vt 0.630545 0.202432
vt 0.161177 0.584408
vt 0.623578 0.245822
vt 0.187659 0.617636
vt 0.612866 0.286536
vt 0.213592 0.647041
vt 0.598819 0.323009
vt 0.237980 0.671493
vt 0.206475 0.688913
vt 0.173918 0.573615
vt 0.657710 0.248829
vt 0.206156 0.601967
vt 0.643583 0.289242
vt 0.237134 0.627098
vt 0.624942 0.325310
vt 0.265663 0.648043
vt 0.363802 0.496683
vt 0.406183 0.492181
vt 0.617928 0.035647
vt 0.661197 0.076014
vt 0.440796 0.515784
vt 0.668556 0.117523
vt 0.478353 0.538658
vt 0.670441 0.161287
vt 0.141660 0.543132
vt 0.666779 0.205624
vt 0.315975 0.632240
vt 0.290645 0.663996
vt 0.450257 0.502181
vt 0.690204 0.079549
vt 0.699350 0.121276
vt 0.483176 0.531724
vt 0.701838 0.165114
vt 0.147009 0.536426
vt 0.697572 0.209377
vt 0.184410 0.560461
vt 0.686717 0.252364
vt 0.221388 0.582871
vt 0.669689 0.292423
vt 0.256521 0.602793
vt 0.350946 0.446411
vt 0.393327 0.443623
vt 0.375844 0.468756
vt 0.288459 0.619463
vt 0.419919 0.472434
vt 0.903072 0.316514
vt 0.947944 0.277902
vt 0.944704 0.306944
vt 0.232770 0.561081
vt 0.371503 0.416857
vt 0.384359 0.365238
vt 0.397668 0.391724
vt 0.271008 0.575059
vt 0.415578 0.422249
vt 0.305494 0.586852
vt 0.437401 0.455640
vt 0.334903 0.596004
vt 0.462299 0.490614
vt 0.814958 0.315634
vt 0.775102 0.276175
vt 0.818397 0.284803
vt 0.489315 0.525827
vt 0.859262 0.319448
vt 0.862768 0.288014
vt 0.151006 0.528775
vt 0.906511 0.285684
vt 0.192250 0.545452
vt 0.476459 0.481525
vt 0.777761 0.242015
vt 0.821219 0.248539
vt 0.496534 0.521193
vt 0.865646 0.251039
vt 0.153497 0.520471
vt 0.909333 0.249419
vt 0.197137 0.529164
vt 0.950602 0.243742
vt 0.239865 0.537434
vt 0.985474 0.264968
vt 0.987867 0.234224
vt 0.280037 0.544964
vt 0.441742 0.405455
vt 0.316111 0.551463
vt 0.457958 0.442445
vt 0.734547 0.262461
vt 0.242399 0.512841
vt 0.952578 0.205775
vt 0.989645 0.200055
vt 0.283263 0.513662
vt 0.428434 0.371977
vt 0.470814 0.393888
vt 0.319904 0.514655
vt 0.480800 0.433357
vt 0.736940 0.231717
vt 0.779736 0.204048
vt 0.492193 0.475265
vt 0.823317 0.208233
vt 0.504555 0.518002
vt 0.867784 0.209944
vt 0.154387 0.511835
vt 0.911431 0.209114
vt 0.198883 0.512224
vt 0.780953 0.163733
vt 0.824608 0.165436
vt 0.508896 0.472073
vt 0.513070 0.516375
vt 0.869101 0.166308
vt 0.153641 0.503198
vt 0.912722 0.166316
vt 0.197420 0.495282
vt 0.953794 0.165460
vt 0.240275 0.488244
vt 0.990740 0.163773
vt 0.280560 0.482357
vt 0.462619 0.358375
vt 0.501677 0.387991
vt 0.738718 0.197548
vt 0.702769 0.158129
vt 0.739813 0.161266
vt 0.505049 0.428723
vt 0.954205 0.124348
vt 0.991110 0.126773
vt 0.272033 0.452252
vt 0.498910 0.351440
vt 0.533145 0.387991
vt 0.703083 0.126663
vt 0.740182 0.124266
vt 0.529773 0.428723
vt 0.781364 0.122621
vt 0.525926 0.472073
vt 0.825044 0.121791
vt 0.521752 0.516375
vt 0.869546 0.121808
vt 0.151289 0.494892
vt 0.913158 0.122672
vt 0.192806 0.478989
vt 0.233576 0.464591
vt 0.542629 0.475265
vt 0.530267 0.518002
vt 0.824608 0.078977
vt 0.869101 0.078155
vt 0.147420 0.487236
vt 0.912722 0.079857
vt 0.185216 0.463972
vt 0.953794 0.084018
vt 0.222558 0.442790
vt 0.990740 0.090477
vt 0.258010 0.424504
vt 0.535912 0.351440
vt 0.564008 0.393888
vt 0.702769 0.095795
vt 0.739813 0.087969
vt 0.554022 0.433357
vt 0.780953 0.082291
vt 0.572203 0.358375
vt 0.593080 0.405455
vt 0.701838 0.066712
vt 0.738718 0.053771
vt 0.576864 0.442445
vt 0.779736 0.044292
vt 0.558363 0.481525
vt 0.823317 0.038637
vt 0.538288 0.521193
vt 0.867784 0.037025
vt 0.142183 0.480525
vt 0.911431 0.039518
vt 0.174944 0.450808
vt 0.952578 0.046019
vt 0.207645 0.423678
vt 0.989645 0.056279
vt 0.239029 0.400179
vt 0.135780 0.475016
vt 0.545507 0.525827
vt 0.909333 0.003204
vt 0.162383 0.440002
vt 0.950602 0.011812
vt 0.189410 0.407990
vt 0.987867 0.025493
vt 0.215820 0.380213
vt 0.606388 0.371977
vt 0.619244 0.422249
vt 0.267891 0.381214
vt 0.240600 0.357736
vt 0.597421 0.455640
vt 0.777761 0.010085
vt 0.572523 0.490614
vt 0.821219 0.002323
vt 0.865646 0.000000
vt 0.708147 0.417267
vt 0.752221 0.382604
vt 0.738913 0.419353
vt 0.641495 0.443623
vt 0.614903 0.472434
vt 0.729024 0.460274
vt 0.694838 0.457957
vt 0.584565 0.502181
vt 0.686643 0.501336
vt 0.722934 0.503796
vt 0.551646 0.531724
vt 0.683876 0.545738
vt 0.720878 0.548246
vt 0.128456 0.470922
vt 0.722934 0.591915
vt 0.686643 0.589455
vt 0.148017 0.431970
vt 0.729024 0.633125
vt 0.694838 0.630808
vt 0.168553 0.396330
vt 0.708147 0.668207
vt 0.738913 0.670293
vt 0.189275 0.365372
vt 0.637154 0.391724
vt 0.763258 0.593609
vt 0.132397 0.427020
vt 0.767008 0.634721
vt 0.145877 0.389144
vt 0.773098 0.671729
vt 0.160414 0.356226
vt 0.663319 0.416857
vt 0.658978 0.468756
vt 0.781293 0.383826
vt 0.773098 0.420789
vt 0.628639 0.492181
vt 0.767008 0.461871
vt 0.594026 0.515783
vt 0.763258 0.505491
vt 0.556469 0.538658
vt 0.761992 0.549973
vt 0.120493 0.468399
vt 0.671020 0.496683
vt 0.638101 0.514123
vt 0.807333 0.462684
vt 0.600544 0.530897
vt 0.806067 0.506355
vt 0.559792 0.546363
vt 0.805639 0.550854
vt 0.112197 0.467544
vt 0.806067 0.594473
vt 0.116125 0.425343
vt 0.807333 0.635535
vt 0.122252 0.386710
vt 0.809389 0.672461
vt 0.130345 0.353128
vt 0.812156 0.703834
vt 0.781293 0.703211
vt 0.812156 0.384448
vt 0.809389 0.421522
vt 0.103887 0.468390
vt 0.099824 0.427004
vt 0.848447 0.635535
vt 0.098587 0.389120
vt 0.846391 0.672461
vt 0.815528 0.352889
vt 0.843624 0.384448
vt 0.843624 0.703834
vt 0.846391 0.421522
vt 0.677159 0.526330
vt 0.642924 0.537416
vt 0.848447 0.462684
vt 0.603866 0.546942
vt 0.849713 0.506355
vt 0.561485 0.554542
vt 0.850141 0.550854
vt 0.849713 0.594473
vt 0.888772 0.461871
vt 0.603866 0.563301
vt 0.892522 0.505491
vt 0.561485 0.562882
vt 0.893788 0.549973
vt 0.095882 0.470905
vt 0.892522 0.593609
vt 0.084122 0.431937
vt 0.888772 0.634721
vt 0.075791 0.396283
vt 0.882682 0.671729
vt 0.840252 0.352889
vt 0.874487 0.383826
vt 0.874487 0.703211
vt 0.882682 0.420789
vt 0.677159 0.556557
vt 0.642924 0.561166
vt 0.926756 0.633125
vt 0.054740 0.407922
vt 0.916867 0.670293
vt 0.864501 0.352400
vt 0.903559 0.382604
vt 0.903559 0.701990
vt 0.916867 0.419353
vt 0.671020 0.586204
vt 0.638101 0.584459
vt 0.926756 0.460274
vt 0.600544 0.579346
vt 0.932846 0.503796
vt 0.559792 0.571062
vt 0.934902 0.548246
vt 0.088490 0.474993
vt 0.932846 0.591915
vt 0.069621 0.439955
vt 0.594026 0.594460
vt 0.960942 0.457957
vt 0.969137 0.501336
vt 0.556469 0.578767
vt 0.971904 0.545738
vt 0.081995 0.480495
vt 0.969137 0.589455
vt 0.056880 0.450748
vt 0.960942 0.630808
vt 0.036243 0.423591
vt 0.947633 0.668207
vt 0.020876 0.400069
vt 0.044419 0.380126
vt 0.929723 0.700216
vt 0.929723 0.380830
vt 0.947633 0.417267
vt 0.658978 0.614131
vt 0.628639 0.606401
vt 0.990014 0.627858
vt 0.973798 0.665553
vt 0.001489 0.424374
vt 0.683876 0.617353
vt 0.641495 0.639264
vt 0.973798 0.414613
vt 0.614903 0.626148
vt 0.990014 0.455008
vt 0.584565 0.608062
vt 1.000000 0.498205
vt 0.551646 0.585701
vt 0.000000 0.193443
vt 0.033821 0.151894
vt 0.031498 0.196320
vt 0.076646 0.487200
vt 0.034702 0.240008
vt 0.003809 0.237185
vt 0.046388 0.463902
vt 0.021011 0.442688
vt 0.545507 0.591598
vt 0.070135 0.153991
vt 0.068523 0.198459
vt 0.072649 0.494852
vt 0.071015 0.242105
vt 0.038548 0.478911
vt 0.077516 0.283252
vt 0.043310 0.281277
vt 0.009629 0.464478
vt 0.056991 0.318542
vt 0.087776 0.320320
vt 0.093544 0.000000
vt 0.098210 0.032512
vt 0.072029 0.031000
vt 0.101401 0.351882
vt 0.075220 0.350370
vt 0.054484 0.067614
vt 0.085269 0.069392
vt 0.619244 0.660639
vt 0.597421 0.642941
vt 0.075789 0.110411
vt 0.041583 0.108435
vt 0.572523 0.619629
vt 0.114114 0.001188
vt 0.127293 0.033443
vt 0.130484 0.352813
vt 0.119467 0.070487
vt 0.593080 0.677432
vt 0.576864 0.656136
vt 0.113788 0.111627
vt 0.558363 0.628718
vt 0.110474 0.155283
vt 0.538288 0.596231
vt 0.109653 0.199776
vt 0.070158 0.503156
vt 0.111355 0.243396
vt 0.033661 0.495199
vt 0.115515 0.284469
vt 0.002534 0.488124
vt 0.121974 0.321414
vt 0.153289 0.155719
vt 0.153306 0.200220
vt 0.069268 0.511792
vt 0.530267 0.599423
vt 0.154169 0.243833
vt 0.031916 0.512139
vt 0.155846 0.284880
vt 0.000000 0.512718
vt 0.158271 0.321784
vt 0.136964 0.001920
vt 0.158160 0.033758
vt 0.161351 0.353128
vt 0.155764 0.070857
vt 0.564008 0.689000
vt 0.554022 0.665225
vt 0.154119 0.112038
vt 0.542629 0.634978
vt 0.192817 0.352813
vt 0.189626 0.033443
vt 0.192764 0.070487
vt 0.533145 0.694897
vt 0.529773 0.669858
vt 0.195231 0.111627
vt 0.525926 0.638170
vt 0.196934 0.155283
vt 0.521752 0.601050
vt 0.197806 0.199776
vt 0.070014 0.520429
vt 0.197814 0.243396
vt 0.033378 0.529081
vt 0.196958 0.284469
vt 0.002123 0.537314
vt 0.195271 0.321414
vt 0.161217 0.002167
vt 0.072366 0.528735
vt 0.513070 0.601050
vt 0.240612 0.242105
vt 0.037993 0.545374
vt 0.237272 0.283252
vt 0.008823 0.560967
vt 0.231553 0.320320
vt 0.185939 0.001920
vt 0.220482 0.032512
vt 0.223673 0.351882
vt 0.229046 0.069392
vt 0.501677 0.694897
vt 0.505049 0.669858
vt 0.235545 0.110411
vt 0.508896 0.638170
vt 0.239731 0.153991
vt 0.241442 0.198459
vt 0.249540 0.031000
vt 0.263215 0.067614
vt 0.470814 0.689000
vt 0.480800 0.665225
vt 0.273512 0.108435
vt 0.492193 0.634978
vt 0.280037 0.151894
vt 0.504555 0.599423
vt 0.282537 0.196320
vt 0.076235 0.536390
vt 0.280917 0.240008
vt 0.045582 0.560391
vt 0.275239 0.281277
vt 0.019841 0.582768
vt 0.265722 0.318542
vt 0.210182 0.001188
vt 0.252731 0.350370
vt 0.317182 0.237185
vt 0.055855 0.573555
vt 0.309400 0.278618
vt 0.034754 0.601880
vt 0.296466 0.316149
vt 0.018981 0.626987
vt 0.000000 0.602663
vt 0.278877 0.348335
vt 0.275686 0.028965
vt 0.293959 0.065222
vt 0.441742 0.677432
vt 0.457958 0.656136
vt 0.307673 0.105776
vt 0.476459 0.628718
vt 0.316301 0.149071
vt 0.496534 0.596231
vt 0.319512 0.193443
vt 0.081472 0.543101
vt 0.415578 0.660639
vt 0.437401 0.642941
vt 0.336714 0.102537
vt 0.462299 0.619629
vt 0.347131 0.145632
vt 0.489315 0.591598
vt 0.350946 0.189936
vt 0.087875 0.548610
vt 0.350946 0.158033
vt 0.384342 0.199924
vt 0.353422 0.202432
vt 0.068415 0.584361
vt 0.391660 0.243460
vt 0.362535 0.245822
vt 0.052989 0.617568
vt 0.377933 0.286536
vt 0.404145 0.284410
vt 0.042190 0.646954
vt 0.421316 0.321201
vt 0.399024 0.323009
vt 0.297913 0.026486
vt 0.320095 0.062306
vt 0.425886 0.241833
vt 0.082781 0.592393
vt 0.073846 0.629228
vt 0.434947 0.282946
vt 0.068735 0.661795
vt 0.447511 0.319956
vt 0.409208 0.033521
vt 0.453955 0.000635
vt 0.440010 0.032057
vt 0.393327 0.639264
vt 0.419919 0.626148
vt 0.429373 0.069018
vt 0.395148 0.070645
vt 0.450257 0.608062
vt 0.386120 0.111824
vt 0.422453 0.110097
vt 0.483176 0.585701
vt 0.382471 0.155476
vt 0.419516 0.153715
vt 0.095199 0.552705
vt 0.420675 0.198197
vt 0.483046 -0.000000
vt 0.463096 0.351440
vt 0.396721 0.584459
vt 0.576220 0.001880
vt 0.357663 0.556558
vt 0.648646 0.038353
vt 0.355287 0.393164
vt 0.771862 0.305217
vt 0.701838 0.188984
vt 0.736940 0.022986
vt 0.726057 0.380830
vt 0.683876 0.446411
vt 0.887343 0.351440
vt 0.663319 0.646907
vt 0.951974 0.378573
vt 0.002929 0.149071
vt 1.000000 0.586324
vt 0.233013 0.000000
vt 0.427760 0.001880
s 1
f 477/1/477 11/2/11 12/3/12
f 480/4/480 20/5/20 481/6/481
f 3/7/3 12/3/12 13/8/13
f 481/6/481 21/9/21 482/10/482
f 3/7/3 14/11/14 4/12/4
f 474/13/474 82/14/82 7/15/7
f 308/16/308 482/10/482 21/9/21
f 4/12/4 15/17/15 5/18/5
f 475/19/475 7/15/7 8/20/8
f 5/18/5 16/21/16 478/22/478
f 1/23/1 8/20/8 9/24/9
f 478/22/478 17/25/17 6/26/6
f 476/27/476 9/24/9 10/28/10
f 6/26/6 18/29/18 479/30/479
f 2/31/2 10/32/10 11/2/11
f 479/30/479 19/33/19 480/34/480
f 17/25/17 33/35/33 18/29/18
f 10/32/10 26/36/26 11/2/11
f 19/33/19 33/35/33 34/37/34
f 11/2/11 27/38/27 12/3/12
f 20/5/20 34/39/34 35/40/35
f 13/8/13 27/38/27 28/41/28
f 20/5/20 36/42/36 21/9/21
f 13/8/13 29/43/29 14/11/14
f 7/15/7 82/14/82 22/44/22
f 308/16/308 21/9/21 36/42/36
f 14/11/14 30/45/30 15/17/15
f 7/15/7 23/46/23 8/20/8
f 15/17/15 31/47/31 16/21/16
f 8/20/8 24/48/24 9/24/9
f 16/21/16 32/49/32 17/25/17
f 9/24/9 25/50/25 10/28/10
f 308/16/308 36/42/36 51/51/51
f 30/45/30 44/52/44 45/53/45
f 22/44/22 38/54/38 23/46/23
f 30/45/30 46/55/46 31/47/31
f 23/46/23 39/56/39 24/48/24
f 32/49/32 46/55/46 47/57/47
f 24/48/24 40/58/40 25/50/25
f 33/35/33 47/57/47 48/59/48
f 25/60/25 41/61/41 26/36/26
f 34/39/34 48/62/48 49/63/49
f 26/36/26 42/64/42 27/38/27
f 34/39/34 50/65/50 35/40/35
f 27/38/27 43/66/43 28/41/28
f 35/40/35 51/51/51 36/42/36
f 28/41/28 44/52/44 29/43/29
f 22/44/22 82/14/82 37/67/37
f 48/62/48 64/68/64 49/63/49
f 41/61/41 57/69/57 42/64/42
f 49/63/49 65/70/65 50/65/50
f 43/66/43 57/69/57 58/71/58
f 50/65/50 66/72/66 51/51/51
f 44/52/44 58/71/58 59/73/59
f 37/67/37 82/14/82 52/74/52
f 308/16/308 51/51/51 66/72/66
f 44/52/44 60/75/60 45/53/45
f 37/67/37 53/76/53 38/54/38
f 45/53/45 61/77/61 46/55/46
f 38/54/38 54/78/54 39/56/39
f 47/57/47 61/77/61 62/79/62
f 39/56/39 55/80/55 40/58/40
f 47/57/47 63/81/63 48/59/48
f 40/58/40 56/82/56 41/83/41
f 52/74/52 68/84/68 53/76/53
f 60/75/60 76/85/76 61/77/61
f 53/76/53 69/86/69 54/78/54
f 62/79/62 76/85/76 77/87/77
f 54/78/54 70/88/70 55/80/55
f 62/79/62 78/89/78 63/81/63
f 56/82/56 70/88/70 71/90/71
f 63/91/63 79/92/79 64/68/64
f 56/93/56 72/94/72 57/69/57
f 65/70/65 79/92/79 80/95/80
f 58/71/58 72/94/72 73/96/73
f 65/70/65 81/97/81 66/72/66
f 59/73/59 73/96/73 74/98/74
f 52/74/52 82/14/82 67/99/67
f 308/16/308 66/72/66 81/97/81
f 59/73/59 75/100/75 60/75/60
f 71/90/71 88/101/88 72/102/72
f 79/92/79 96/103/96 80/95/80
f 73/96/73 88/104/88 89/105/89
f 81/97/81 96/103/96 97/106/97
f 74/98/74 89/105/89 90/107/90
f 67/99/67 82/14/82 83/108/83
f 308/16/308 81/97/81 97/106/97
f 74/98/74 91/109/91 75/100/75
f 67/99/67 84/110/84 68/84/68
f 75/100/75 92/111/92 76/85/76
f 68/84/68 85/112/85 69/86/69
f 77/87/77 92/111/92 93/113/93
f 69/86/69 86/114/86 70/88/70
f 77/115/77 94/116/94 78/117/78
f 71/90/71 86/114/86 87/118/87
f 78/117/78 95/119/95 79/92/79
f 91/120/91 107/121/107 92/122/92
f 84/110/84 100/123/100 85/112/85
f 93/124/93 107/125/107 108/126/108
f 85/112/85 101/127/101 86/114/86
f 93/124/93 109/128/109 94/116/94
f 87/118/87 101/127/101 102/129/102
f 95/119/95 109/128/109 110/130/110
f 87/118/87 103/131/103 88/101/88
f 96/103/96 110/130/110 111/132/111
f 89/133/89 103/134/103 104/135/104
f 96/103/96 112/136/112 97/106/97
f 90/137/90 104/135/104 105/138/105
f 83/108/83 82/14/82 98/139/98
f 308/16/308 97/106/97 112/136/112
f 90/137/90 106/140/106 91/120/91
f 84/110/84 98/139/98 99/141/99
f 110/130/110 126/142/126 111/132/111
f 104/135/104 118/143/118 119/144/119
f 111/132/111 127/145/127 112/136/112
f 105/138/105 119/144/119 120/146/120
f 98/139/98 82/14/82 113/147/113
f 308/16/308 112/136/112 127/145/127
f 105/138/105 121/148/121 106/140/106
f 99/141/99 113/147/113 114/149/114
f 106/140/106 122/150/122 107/121/107
f 99/141/99 115/151/115 100/123/100
f 108/152/108 122/150/122 123/153/123
f 100/123/100 116/154/116 101/127/101
f 108/126/108 124/155/124 109/128/109
f 102/129/102 116/154/116 117/156/117
f 110/130/110 124/155/124 125/157/125
f 102/158/102 118/143/118 103/134/103
f 114/149/114 130/159/130 115/151/115
f 123/153/123 137/160/137 138/161/138
f 115/151/115 131/162/131 116/154/116
f 123/163/123 139/164/139 124/155/124
f 117/156/117 131/162/131 132/165/132
f 125/157/125 139/164/139 140/166/140
f 117/167/117 133/168/133 118/143/118
f 125/157/125 141/169/141 126/142/126
f 119/144/119 133/168/133 134/170/134
f 126/142/126 142/171/142 127/145/127
f 120/146/120 134/170/134 135/172/135
f 113/147/113 82/14/82 128/173/128
f 308/16/308 127/145/127 142/171/142
f 120/146/120 136/174/136 121/148/121
f 113/147/113 129/175/129 114/149/114
f 121/148/121 137/160/137 122/150/122
f 134/170/134 148/176/148 149/177/149
f 142/171/142 156/178/156 157/179/157
f 135/172/135 149/177/149 150/180/150
f 128/173/128 82/14/82 143/181/143
f 308/16/308 142/171/142 157/179/157
f 135/172/135 151/182/151 136/174/136
f 128/173/128 144/183/144 129/175/129
f 136/174/136 152/184/152 137/160/137
f 130/159/130 144/183/144 145/185/145
f 138/161/138 152/184/152 153/186/153
f 130/159/130 146/187/146 131/162/131
f 138/188/138 154/189/154 139/164/139
f 132/190/132 146/191/146 147/192/147
f 140/166/140 154/189/154 155/193/155
f 132/190/132 148/176/148 133/168/133
f 140/166/140 156/178/156 141/169/141
f 153/186/153 167/194/167 168/195/168
f 145/185/145 161/196/161 146/187/146
f 153/197/153 169/198/169 154/189/154
f 147/192/147 161/199/161 162/200/162
f 155/193/155 169/198/169 170/201/170
f 147/192/147 163/202/163 148/176/148
f 155/193/155 171/203/171 156/178/156
f 149/177/149 163/202/163 164/204/164
f 156/178/156 172/205/172 157/179/157
f 150/180/150 164/204/164 165/206/165
f 143/181/143 82/14/82 158/207/158
f 308/16/308 157/179/157 172/205/172
f 150/180/150 166/208/166 151/182/151
f 143/181/143 159/209/159 144/183/144
f 151/182/151 167/194/167 152/184/152
f 145/185/145 159/209/159 160/210/160
f 172/205/172 186/211/186 187/212/187
f 165/206/165 179/213/179 180/214/180
f 158/207/158 82/14/82 173/215/173
f 308/16/308 172/205/172 187/212/187
f 165/206/165 181/216/181 166/208/166
f 158/207/158 174/217/174 159/209/159
f 166/208/166 182/218/182 167/194/167
f 159/209/159 175/219/175 160/210/160
f 168/195/168 182/218/182 183/220/183
f 160/210/160 176/221/176 161/196/161
f 168/222/168 184/223/184 169/198/169
f 162/200/162 176/224/176 177/225/177
f 169/198/169 185/226/185 170/201/170
f 162/200/162 178/227/178 163/202/163
f 171/203/171 185/226/185 186/211/186
f 164/204/164 178/227/178 179/213/179
f 183/228/183 199/229/199 184/223/184
f 177/225/177 191/230/191 192/231/192
f 185/226/185 199/229/199 200/232/200
f 177/225/177 193/233/193 178/227/178
f 185/226/185 201/234/201 186/211/186
f 179/213/179 193/233/193 194/235/194
f 186/211/186 202/236/202 187/212/187
f 180/214/180 194/235/194 195/237/195
f 173/215/173 82/14/82 188/238/188
f 308/16/308 187/212/187 202/236/202
f 180/214/180 196/239/196 181/216/181
f 174/217/174 188/238/188 189/240/189
f 181/216/181 197/241/197 182/218/182
f 175/219/175 189/240/189 190/242/190
f 183/220/183 197/241/197 198/243/198
f 175/219/175 191/244/191 176/221/176
f 188/238/188 82/14/82 203/245/203
f 308/16/308 202/236/202 217/246/217
f 195/237/195 211/247/211 196/239/196
f 188/238/188 204/248/204 189/240/189
f 196/239/196 212/249/212 197/241/197
f 189/240/189 205/250/205 190/242/190
f 198/243/198 212/249/212 213/251/213
f 190/242/190 206/252/206 191/244/191
f 198/253/198 214/254/214 199/229/199
f 192/255/192 206/252/206 207/256/207
f 200/232/200 214/254/214 215/257/215
f 192/231/192 208/258/208 193/233/193
f 200/232/200 216/259/216 201/234/201
f 194/235/194 208/258/208 209/260/209
f 201/234/201 217/246/217 202/236/202
f 195/237/195 209/260/209 210/261/210
f 207/262/207 221/263/221 222/264/222
f 215/257/215 229/265/229 230/266/230
f 207/262/207 223/267/223 208/268/208
f 215/257/215 231/269/231 216/259/216
f 209/270/209 223/267/223 224/271/224
f 216/259/216 232/272/232 217/246/217
f 210/273/210 224/271/224 225/274/225
f 203/245/203 82/14/82 218/275/218
f 308/16/308 217/246/217 232/272/232
f 210/273/210 226/276/226 211/277/211
f 203/245/203 219/278/219 204/248/204
f 211/277/211 227/279/227 212/280/212
f 204/248/204 220/281/220 205/250/205
f 213/282/213 227/279/227 228/283/228
f 205/250/205 221/284/221 206/252/206
f 213/285/213 229/265/229 214/254/214
f 225/274/225 241/286/241 226/276/226
f 218/275/218 234/287/234 219/278/219
f 226/276/226 242/288/242 227/279/227
f 220/281/220 234/287/234 235/289/235
f 228/283/228 242/288/242 243/290/243
f 220/281/220 236/291/236 221/284/221
f 228/292/228 244/293/244 229/265/229
f 222/264/222 236/294/236 237/295/237
f 230/266/230 244/293/244 245/296/245
f 222/264/222 238/297/238 223/267/223
f 230/266/230 246/298/246 231/269/231
f 224/271/224 238/297/238 239/299/239
f 232/272/232 246/298/246 247/300/247
f 225/274/225 239/299/239 240/301/240
f 218/275/218 82/14/82 233/302/233
f 308/16/308 232/272/232 247/300/247
f 245/296/245 259/303/259 260/304/260
f 237/295/237 253/305/253 238/297/238
f 245/296/245 261/306/261 246/298/246
f 239/299/239 253/305/253 254/307/254
f 246/298/246 262/308/262 247/300/247
f 240/301/240 254/307/254 255/309/255
f 233/302/233 82/14/82 248/310/248
f 308/16/308 247/300/247 262/308/262
f 240/301/240 256/311/256 241/286/241
f 233/302/233 249/312/249 234/287/234
f 241/286/241 257/313/257 242/288/242
f 234/287/234 250/314/250 235/289/235
f 243/290/243 257/313/257 258/315/258
f 235/289/235 251/316/251 236/291/236
f 243/290/243 259/317/259 244/318/244
f 237/295/237 251/319/251 252/320/252
f 249/312/249 263/321/263 264/322/264
f 256/311/256 272/323/272 257/313/257
f 249/312/249 265/324/265 250/314/250
f 258/315/258 272/323/272 273/325/273
f 250/326/250 266/327/266 251/319/251
f 258/315/258 274/328/274 259/317/259
f 252/320/252 266/327/266 267/329/267
f 260/304/260 274/330/274 275/331/275
f 252/320/252 268/332/268 253/305/253
f 260/304/260 276/333/276 261/306/261
f 254/307/254 268/332/268 269/334/269
f 261/306/261 277/335/277 262/308/262
f 255/309/255 269/334/269 270/336/270
f 248/310/248 82/14/82 263/321/263
f 308/16/308 262/308/262 277/335/277
f 255/309/255 271/337/271 256/311/256
f 267/329/267 283/338/283 268/332/268
f 275/331/275 291/339/291 276/333/276
f 269/334/269 283/338/283 284/340/284
f 277/335/277 291/339/291 292/341/292
f 270/336/270 284/340/284 285/342/285
f 263/321/263 82/14/82 278/343/278
f 308/16/308 277/335/277 292/341/292
f 270/336/270 286/344/286 271/337/271
f 264/322/264 278/343/278 279/345/279
f 271/337/271 287/346/287 272/323/272
f 264/322/264 280/347/280 265/324/265
f 273/325/273 287/346/287 288/348/288
f 265/349/265 281/350/281 266/327/266
f 273/325/273 289/351/289 274/328/274
f 267/329/267 281/350/281 282/352/282
f 275/331/275 289/353/289 290/354/290
f 286/344/286 302/355/302 287/346/287
f 279/345/279 295/356/295 280/347/280
f 288/348/288 302/355/302 303/357/303
f 280/358/280 296/359/296 281/350/281
f 288/348/288 304/360/304 289/351/289
f 282/352/282 296/359/296 297/361/297
f 290/354/290 304/362/304 305/363/305
f 282/352/282 298/364/298 283/338/283
f 290/354/290 306/365/306 291/339/291
f 284/340/284 298/364/298 299/366/299
f 292/341/292 306/365/306 307/367/307
f 285/342/285 299/366/299 300/368/300
f 278/343/278 82/14/82 293/369/293
f 308/16/308 292/341/292 307/367/307
f 285/342/285 301/370/301 286/344/286
f 278/343/278 294/371/294 279/345/279
f 305/363/305 322/372/322 306/365/306
f 299/366/299 314/373/314 315/374/315
f 306/365/306 323/375/323 307/367/307
f 300/368/300 315/374/315 316/376/316
f 293/369/293 82/14/82 309/377/309
f 308/16/308 307/367/307 323/375/323
f 300/368/300 317/378/317 301/370/301
f 293/369/293 310/379/310 294/371/294
f 301/370/301 318/380/318 302/355/302
f 294/371/294 311/381/311 295/356/295
f 303/357/303 318/380/318 319/382/319
f 295/356/295 312/383/312 296/384/296
f 303/357/303 320/385/320 304/360/304
f 297/361/297 312/386/312 313/387/313
f 305/363/305 320/388/320 321/389/321
f 297/361/297 314/373/314 298/364/298
f 319/382/319 333/390/333 334/391/334
f 311/381/311 327/392/327 312/383/312
f 319/393/319 335/394/335 320/388/320
f 312/386/312 328/395/328 313/387/313
f 321/389/321 335/394/335 336/396/336
f 313/387/313 329/397/329 314/373/314
f 321/389/321 337/398/337 322/372/322
f 315/374/315 329/397/329 330/399/330
f 322/372/322 338/400/338 323/375/323
f 316/401/316 330/402/330 331/403/331
f 309/377/309 82/14/82 324/404/324
f 308/16/308 323/375/323 338/400/338
f 316/401/316 332/405/332 317/406/317
f 309/377/309 325/407/325 310/379/310
f 317/378/317 333/390/333 318/380/318
f 310/379/310 326/408/326 311/381/311
f 337/398/337 353/409/353 338/400/338
f 331/403/331 345/410/345 346/411/346
f 324/404/324 82/14/82 339/412/339
f 308/16/308 338/400/338 353/409/353
f 331/403/331 347/413/347 332/405/332
f 324/404/324 340/414/340 325/407/325
f 332/405/332 348/415/348 333/416/333
f 325/407/325 341/417/341 326/408/326
f 334/418/334 348/415/348 349/419/349
f 326/420/326 342/421/342 327/422/327
f 334/418/334 350/423/350 335/424/335
f 328/425/328 342/421/342 343/426/343
f 336/396/336 350/427/350 351/428/351
f 328/425/328 344/429/344 329/430/329
f 336/396/336 352/431/352 337/398/337
f 330/402/330 344/429/344 345/410/345
f 341/432/341 357/433/357 342/421/342
f 349/419/349 365/434/365 350/423/350
f 343/426/343 357/433/357 358/435/358
f 351/428/351 365/436/365 366/437/366
f 343/426/343 359/438/359 344/429/344
f 351/428/351 367/439/367 352/431/352
f 345/410/345 359/438/359 360/440/360
f 352/431/352 368/441/368 353/409/353
f 346/411/346 360/440/360 361/442/361
f 339/412/339 82/14/82 354/443/354
f 308/16/308 353/409/353 368/441/368
f 346/411/346 362/444/362 347/413/347
f 339/412/339 355/445/355 340/414/340
f 347/413/347 363/446/363 348/415/348
f 341/417/341 355/445/355 356/447/356
f 349/419/349 363/446/363 364/448/364
f 361/442/361 375/449/375 376/450/376
f 354/443/354 82/14/82 369/451/369
f 308/16/308 368/441/368 383/452/383
f 361/442/361 377/453/377 362/444/362
f 354/443/354 370/454/370 355/445/355
f 362/444/362 378/455/378 363/446/363
f 356/447/356 370/454/370 371/456/371
f 364/448/364 378/455/378 379/457/379
f 356/458/356 372/459/372 357/433/357
f 364/448/364 380/460/380 365/434/365
f 358/435/358 372/459/372 373/461/373
f 366/437/366 380/462/380 381/463/381
f 358/435/358 374/464/374 359/438/359
f 366/437/366 382/465/382 367/439/367
f 360/440/360 374/464/374 375/449/375
f 367/439/367 383/452/383 368/441/368
f 379/457/379 395/466/395 380/460/380
f 373/461/373 387/467/387 388/468/388
f 381/463/381 395/469/395 396/470/396
f 373/461/373 389/471/389 374/464/374
f 381/463/381 397/472/397 382/465/382
f 375/449/375 389/471/389 390/473/390
f 382/465/382 398/474/398 383/452/383
f 376/450/376 390/473/390 391/475/391
f 369/451/369 82/14/82 384/476/384
f 308/16/308 383/452/383 398/474/398
f 376/450/376 392/477/392 377/453/377
f 369/451/369 385/478/385 370/454/370
f 377/453/377 393/479/393 378/455/378
f 371/456/371 385/478/385 386/480/386
f 379/457/379 393/479/393 394/481/394
f 371/482/371 387/467/387 372/459/372
f 384/476/384 82/14/82 399/483/399
f 308/16/308 398/474/398 413/484/413
f 391/475/391 407/485/407 392/477/392
f 385/478/385 399/483/399 400/486/400
f 392/477/392 408/487/408 393/479/393
f 385/478/385 401/488/401 386/480/386
f 394/481/394 408/487/408 409/489/409
f 386/490/386 402/491/402 387/467/387
f 394/481/394 410/492/410 395/466/395
f 388/468/388 402/491/402 403/493/403
f 396/470/396 410/494/410 411/495/411
f 388/468/388 404/496/404 389/471/389
f 397/472/397 411/495/411 412/497/412
f 390/473/390 404/496/404 405/498/405
f 397/472/397 413/484/413 398/474/398
f 391/475/391 405/498/405 406/499/406
f 403/493/403 417/500/417 418/501/418
f 411/495/411 425/502/425 426/503/426
f 403/493/403 419/504/419 404/496/404
f 411/495/411 427/505/427 412/497/412
f 405/498/405 419/504/419 420/506/420
f 412/497/412 428/507/428 413/484/413
f 406/499/406 420/506/420 421/508/421
f 399/483/399 82/14/82 414/509/414
f 308/16/308 413/484/413 428/507/428
f 406/499/406 422/510/422 407/485/407
f 399/483/399 415/511/415 400/486/400
f 407/485/407 423/512/423 408/487/408
f 401/488/401 415/511/415 416/513/416
f 409/489/409 423/512/423 424/514/424
f 401/515/401 417/500/417 402/491/402
f 409/489/409 425/516/425 410/492/410
f 421/508/421 437/517/437 422/510/422
f 414/509/414 430/518/430 415/511/415
f 422/510/422 438/519/438 423/512/423
f 416/513/416 430/518/430 431/520/431
f 424/514/424 438/519/438 439/521/439
f 416/513/416 432/522/432 417/523/417
f 424/514/424 440/524/440 425/516/425
f 418/501/418 432/525/432 433/526/433
f 426/503/426 440/527/440 441/528/441
f 418/501/418 434/529/434 419/504/419
f 426/503/426 442/530/442 427/505/427
f 420/506/420 434/529/434 435/531/435
f 427/505/427 443/532/443 428/507/428
f 421/508/421 435/531/435 436/533/436
f 414/509/414 82/14/82 429/534/429
f 308/16/308 428/507/428 443/532/443
f 441/528/441 455/535/455 456/536/456
f 433/526/433 449/537/449 434/529/434
f 441/528/441 457/538/457 442/530/442
f 435/531/435 449/537/449 450/539/450
f 442/530/442 458/540/458 443/532/443
f 436/533/436 450/539/450 451/541/451
f 429/534/429 82/14/82 444/542/444
f 308/16/308 443/532/443 458/540/458
f 436/543/436 452/544/452 437/545/437
f 430/518/430 444/542/444 445/546/445
f 437/545/437 453/547/453 438/548/438
f 430/518/430 446/549/446 431/520/431
f 439/550/439 453/547/453 454/551/454
f 431/520/431 447/552/447 432/522/432
f 439/550/439 455/553/455 440/554/440
f 433/526/433 447/555/447 448/556/448
f 452/544/452 468/557/468 453/547/453
f 446/549/446 460/558/460 461/559/461
f 454/551/454 468/557/468 469/560/469
f 446/549/446 462/561/462 447/552/447
f 454/551/454 470/562/470 455/553/455
f 448/563/448 462/564/462 463/565/463
f 456/536/456 470/566/470 471/567/471
f 448/563/448 464/568/464 449/569/449
f 456/536/456 472/570/472 457/538/457
f 450/571/450 464/568/464 465/572/465
f 458/540/458 472/570/472 473/573/473
f 451/574/451 465/572/465 466/575/466
f 444/542/444 82/14/82 459/576/459
f 308/16/308 458/540/458 473/573/473
f 451/574/451 467/577/467 452/544/452
f 444/542/444 460/558/460 445/546/445
f 471/567/471 481/6/481 472/570/472
f 465/572/465 477/1/477 3/7/3
f 472/570/472 482/10/482 473/573/473
f 466/575/466 3/7/3 4/12/4
f 459/576/459 82/14/82 474/13/474
f 308/16/308 473/573/473 482/10/482
f 466/575/466 5/18/5 467/577/467
f 460/558/460 474/13/474 475/19/475
f 467/577/467 478/22/478 468/557/468
f 461/559/461 475/19/475 1/23/1
f 468/557/468 6/26/6 469/560/469
f 462/561/462 1/23/1 476/27/476
f 469/560/469 479/30/479 470/562/470
f 463/565/463 476/578/476 2/31/2
f 471/579/471 479/30/479 480/34/480
f 464/568/464 2/31/2 477/1/477
f 477/1/477 2/31/2 11/2/11
f 480/4/480 19/580/19 20/5/20
f 3/7/3 477/1/477 12/3/12
f 481/6/481 20/5/20 21/9/21
f 3/7/3 13/8/13 14/11/14
f 4/12/4 14/11/14 15/17/15
f 475/19/475 474/13/474 7/15/7
f 5/18/5 15/17/15 16/21/16
f 1/23/1 475/19/475 8/20/8
f 478/22/478 16/21/16 17/25/17
f 476/27/476 1/23/1 9/24/9
f 6/26/6 17/25/17 18/29/18
f 2/31/2 476/578/476 10/32/10
f 479/30/479 18/29/18 19/33/19
f 17/25/17 32/49/32 33/35/33
f 10/32/10 25/60/25 26/36/26
f 19/33/19 18/29/18 33/35/33
f 11/2/11 26/36/26 27/38/27
f 20/5/20 19/580/19 34/39/34
f 13/8/13 12/3/12 27/38/27
f 20/5/20 35/40/35 36/42/36
f 13/8/13 28/41/28 29/43/29
f 14/11/14 29/43/29 30/45/30
f 7/15/7 22/44/22 23/46/23
f 15/17/15 30/45/30 31/47/31
f 8/20/8 23/46/23 24/48/24
f 16/21/16 31/47/31 32/49/32
f 9/24/9 24/48/24 25/50/25
f 30/45/30 29/43/29 44/52/44
f 22/44/22 37/67/37 38/54/38
f 30/45/30 45/53/45 46/55/46
f 23/46/23 38/54/38 39/56/39
f 32/49/32 31/47/31 46/55/46
f 24/48/24 39/56/39 40/58/40
f 33/35/33 32/49/32 47/57/47
f 25/60/25 40/581/40 41/61/41
f 34/39/34 33/582/33 48/62/48
f 26/36/26 41/61/41 42/64/42
f 34/39/34 49/63/49 50/65/50
f 27/38/27 42/64/42 43/66/43
f 35/40/35 50/65/50 51/51/51
f 28/41/28 43/66/43 44/52/44
f 48/62/48 63/91/63 64/68/64
f 41/61/41 56/93/56 57/69/57
f 49/63/49 64/68/64 65/70/65
f 43/66/43 42/64/42 57/69/57
f 50/65/50 65/70/65 66/72/66
f 44/52/44 43/66/43 58/71/58
f 44/52/44 59/73/59 60/75/60
f 37/67/37 52/74/52 53/76/53
f 45/53/45 60/75/60 61/77/61
f 38/54/38 53/76/53 54/78/54
f 47/57/47 46/55/46 61/77/61
f 39/56/39 54/78/54 55/80/55
f 47/57/47 62/79/62 63/81/63
f 40/58/40 55/80/55 56/82/56
f 52/74/52 67/99/67 68/84/68
f 60/75/60 75/100/75 76/85/76
f 53/76/53 68/84/68 69/86/69
f 62/79/62 61/77/61 76/85/76
f 54/78/54 69/86/69 70/88/70
f 62/79/62 77/87/77 78/89/78
f 56/82/56 55/80/55 70/88/70
f 63/91/63 78/117/78 79/92/79
f 56/93/56 71/583/71 72/94/72
f 65/70/65 64/68/64 79/92/79
f 58/71/58 57/69/57 72/94/72
f 65/70/65 80/95/80 81/97/81
f 59/73/59 58/71/58 73/96/73
f 59/73/59 74/98/74 75/100/75
f 71/90/71 87/118/87 88/101/88
f 79/92/79 95/119/95 96/103/96
f 73/96/73 72/94/72 88/104/88
f 81/97/81 80/95/80 96/103/96
f 74/98/74 73/96/73 89/105/89
f 74/98/74 90/107/90 91/109/91
f 67/99/67 83/108/83 84/110/84
f 75/100/75 91/109/91 92/111/92
f 68/84/68 84/110/84 85/112/85
f 77/87/77 76/85/76 92/111/92
f 69/86/69 85/112/85 86/114/86
f 77/115/77 93/124/93 94/116/94
f 71/90/71 70/88/70 86/114/86
f 78/117/78 94/116/94 95/119/95
f 91/120/91 106/140/106 107/121/107
f 84/110/84 99/141/99 100/123/100
f 93/124/93 92/584/92 107/125/107
f 85/112/85 100/123/100 101/127/101
f 93/124/93 108/126/108 109/128/109
f 87/118/87 86/114/86 101/127/101
f 95/119/95 94/116/94 109/128/109
f 87/118/87 102/129/102 103/131/103
f 96/103/96 95/119/95 110/130/110
f 89/133/89 88/585/88 103/134/103
f 96/103/96 111/132/111 112/136/112
f 90/137/90 89/133/89 104/135/104
f 90/137/90 105/138/105 106/140/106
f 84/110/84 83/108/83 98/139/98
f 110/130/110 125/157/125 126/142/126
f 104/135/104 103/134/103 118/143/118
f 111/132/111 126/142/126 127/145/127
f 105/138/105 104/135/104 119/144/119
f 105/138/105 120/146/120 121/148/121
f 99/141/99 98/139/98 113/147/113
f 106/140/106 121/148/121 122/150/122
f 99/141/99 114/149/114 115/151/115
f 108/152/108 107/121/107 122/150/122
f 100/123/100 115/151/115 116/154/116
f 108/126/108 123/163/123 124/155/124
f 102/129/102 101/127/101 116/154/116
f 110/130/110 109/128/109 124/155/124
f 102/158/102 117/167/117 118/143/118
f 114/149/114 129/175/129 130/159/130
f 123/153/123 122/150/122 137/160/137
f 115/151/115 130/159/130 131/162/131
f 123/163/123 138/188/138 139/164/139
f 117/156/117 116/154/116 131/162/131
f 125/157/125 124/155/124 139/164/139
f 117/167/117 132/190/132 133/168/133
f 125/157/125 140/166/140 141/169/141
f 119/144/119 118/143/118 133/168/133
f 126/142/126 141/169/141 142/171/142
f 120/146/120 119/144/119 134/170/134
f 120/146/120 135/172/135 136/174/136
f 113/147/113 128/173/128 129/175/129
f 121/148/121 136/174/136 137/160/137
f 134/170/134 133/168/133 148/176/148
f 142/171/142 141/169/141 156/178/156
f 135/172/135 134/170/134 149/177/149
f 135/172/135 150/180/150 151/182/151
f 128/173/128 143/181/143 144/183/144
f 136/174/136 151/182/151 152/184/152
f 130/159/130 129/175/129 144/183/144
f 138/161/138 137/160/137 152/184/152
f 130/159/130 145/185/145 146/187/146
f 138/188/138 153/197/153 154/189/154
f 132/190/132 131/586/131 146/191/146
f 140/166/140 139/164/139 154/189/154
f 132/190/132 147/192/147 148/176/148
f 140/166/140 155/193/155 156/178/156
f 153/186/153 152/184/152 167/194/167
f 145/185/145 160/210/160 161/196/161
f 153/197/153 168/222/168 169/198/169
f 147/192/147 146/191/146 161/199/161
f 155/193/155 154/189/154 169/198/169
f 147/192/147 162/200/162 163/202/163
f 155/193/155 170/201/170 171/203/171
f 149/177/149 148/176/148 163/202/163
f 156/178/156 171/203/171 172/205/172
f 150/180/150 149/177/149 164/204/164
f 150/180/150 165/206/165 166/208/166
f 143/181/143 158/207/158 159/209/159
f 151/182/151 166/208/166 167/194/167
f 145/185/145 144/183/144 159/209/159
f 172/205/172 171/203/171 186/211/186
f 165/206/165 164/204/164 179/213/179
f 165/206/165 180/214/180 181/216/181
f 158/207/158 173/215/173 174/217/174
f 166/208/166 181/216/181 182/218/182
f 159/209/159 174/217/174 175/219/175
f 168/195/168 167/194/167 182/218/182
f 160/210/160 175/219/175 176/221/176
f 168/222/168 183/228/183 184/223/184
f 162/200/162 161/199/161 176/224/176
f 169/198/169 184/223/184 185/226/185
f 162/200/162 177/225/177 178/227/178
f 171/203/171 170/201/170 185/226/185
f 164/204/164 163/202/163 178/227/178
f 183/228/183 198/253/198 199/229/199
f 177/225/177 176/224/176 191/230/191
f 185/226/185 184/223/184 199/229/199
f 177/225/177 192/231/192 193/233/193
f 185/226/185 200/232/200 201/234/201
f 179/213/179 178/227/178 193/233/193
f 186/211/186 201/234/201 202/236/202
f 180/214/180 179/213/179 194/235/194
f 180/214/180 195/237/195 196/239/196
f 174/217/174 173/215/173 188/238/188
f 181/216/181 196/239/196 197/241/197
f 175/219/175 174/217/174 189/240/189
f 183/220/183 182/218/182 197/241/197
f 175/219/175 190/242/190 191/244/191
f 195/237/195 210/261/210 211/247/211
f 188/238/188 203/245/203 204/248/204
f 196/239/196 211/247/211 212/249/212
f 189/240/189 204/248/204 205/250/205
f 198/243/198 197/241/197 212/249/212
f 190/242/190 205/250/205 206/252/206
f 198/253/198 213/285/213 214/254/214
f 192/255/192 191/244/191 206/252/206
f 200/232/200 199/229/199 214/254/214
f 192/231/192 207/587/207 208/258/208
f 200/232/200 215/257/215 216/259/216
f 194/235/194 193/233/193 208/258/208
f 201/234/201 216/259/216 217/246/217
f 195/237/195 194/235/194 209/260/209
f 207/262/207 206/588/206 221/263/221
f 215/257/215 214/254/214 229/265/229
f 207/262/207 222/264/222 223/267/223
f 215/257/215 230/266/230 231/269/231
f 209/270/209 208/268/208 223/267/223
f 216/259/216 231/269/231 232/272/232
f 210/273/210 209/270/209 224/271/224
f 210/273/210 225/274/225 226/276/226
f 203/245/203 218/275/218 219/278/219
f 211/277/211 226/276/226 227/279/227
f 204/248/204 219/278/219 220/281/220
f 213/282/213 212/280/212 227/279/227
f 205/250/205 220/281/220 221/284/221
f 213/285/213 228/292/228 229/265/229
f 225/274/225 240/301/240 241/286/241
f 218/275/218 233/302/233 234/287/234
f 226/276/226 241/286/241 242/288/242
f 220/281/220 219/278/219 234/287/234
f 228/283/228 227/279/227 242/288/242
f 220/281/220 235/289/235 236/291/236
f 228/292/228 243/589/243 244/293/244
f 222/264/222 221/263/221 236/294/236
f 230/266/230 229/265/229 244/293/244
f 222/264/222 237/295/237 238/297/238
f 230/266/230 245/296/245 246/298/246
f 224/271/224 223/267/223 238/297/238
f 232/272/232 231/269/231 246/298/246
f 225/274/225 224/271/224 239/299/239
f 245/296/245 244/293/244 259/303/259
f 237/295/237 252/320/252 253/305/253
f 245/296/245 260/304/260 261/306/261
f 239/299/239 238/297/238 253/305/253
f 246/298/246 261/306/261 262/308/262
f 240/301/240 239/299/239 254/307/254
f 240/301/240 255/309/255 256/311/256
f 233/302/233 248/310/248 249/312/249
f 241/286/241 256/311/256 257/313/257
f 234/287/234 249/312/249 250/314/250
f 243/290/243 242/288/242 257/313/257
f 235/289/235 250/314/250 251/316/251
f 243/290/243 258/315/258 259/317/259
f 237/295/237 236/294/236 251/319/251
f 249/312/249 248/310/248 263/321/263
f 256/311/256 271/337/271 272/323/272
f 249/312/249 264/322/264 265/324/265
f 258/315/258 257/313/257 272/323/272
f 250/326/250 265/349/265 266/327/266
f 258/315/258 273/325/273 274/328/274
f 252/320/252 251/319/251 266/327/266
f 260/304/260 259/303/259 274/330/274
f 252/320/252 267/329/267 268/332/268
f 260/304/260 275/331/275 276/333/276
f 254/307/254 253/305/253 268/332/268
f 261/306/261 276/333/276 277/335/277
f 255/309/255 254/307/254 269/334/269
f 255/309/255 270/336/270 271/337/271
f 267/329/267 282/352/282 283/338/283
f 275/331/275 290/354/290 291/339/291
f 269/334/269 268/332/268 283/338/283
f 277/335/277 276/333/276 291/339/291
f 270/336/270 269/334/269 284/340/284
f 270/336/270 285/342/285 286/344/286
f 264/322/264 263/321/263 278/343/278
f 271/337/271 286/344/286 287/346/287
f 264/322/264 279/345/279 280/347/280
f 273/325/273 272/323/272 287/346/287
f 265/349/265 280/358/280 281/350/281
f 273/325/273 288/348/288 289/351/289
f 267/329/267 266/327/266 281/350/281
f 275/331/275 274/330/274 289/353/289
f 286/344/286 301/370/301 302/355/302
f 279/345/279 294/371/294 295/356/295
f 288/348/288 287/346/287 302/355/302
f 280/358/280 295/590/295 296/359/296
f 288/348/288 303/357/303 304/360/304
f 282/352/282 281/350/281 296/359/296
f 290/354/290 289/353/289 304/362/304
f 282/352/282 297/361/297 298/364/298
f 290/354/290 305/363/305 306/365/306
f 284/340/284 283/338/283 298/364/298
f 292/341/292 291/339/291 306/365/306
f 285/342/285 284/340/284 299/366/299
f 285/342/285 300/368/300 301/370/301
f 278/343/278 293/369/293 294/371/294
f 305/363/305 321/389/321 322/372/322
f 299/366/299 298/364/298 314/373/314
f 306/365/306 322/372/322 323/375/323
f 300/368/300 299/366/299 315/374/315
f 300/368/300 316/376/316 317/378/317
f 293/369/293 309/377/309 310/379/310
f 301/370/301 317/378/317 318/380/318
f 294/371/294 310/379/310 311/381/311
f 303/357/303 302/355/302 318/380/318
f 295/356/295 311/381/311 312/383/312
f 303/357/303 319/382/319 320/385/320
f 297/361/297 296/359/296 312/386/312
f 305/363/305 304/362/304 320/388/320
f 297/361/297 313/387/313 314/373/314
f 319/382/319 318/380/318 333/390/333
f 311/381/311 326/408/326 327/392/327
f 319/393/319 334/591/334 335/394/335
f 312/386/312 327/592/327 328/395/328
f 321/389/321 320/388/320 335/394/335
f 313/387/313 328/395/328 329/397/329
f 321/389/321 336/396/336 337/398/337
f 315/374/315 314/373/314 329/397/329
f 322/372/322 337/398/337 338/400/338
f 316/401/316 315/593/315 330/402/330
f 316/401/316 331/403/331 332/405/332
f 309/377/309 324/404/324 325/407/325
f 317/378/317 332/594/332 333/390/333
f 310/379/310 325/407/325 326/408/326
f 337/398/337 352/431/352 353/409/353
f 331/403/331 330/402/330 345/410/345
f 331/403/331 346/411/346 347/413/347
f 324/404/324 339/412/339 340/414/340
f 332/405/332 347/413/347 348/415/348
f 325/407/325 340/414/340 341/417/341
f 334/418/334 333/416/333 348/415/348
f 326/420/326 341/432/341 342/421/342
f 334/418/334 349/419/349 350/423/350
f 328/425/328 327/422/327 342/421/342
f 336/396/336 335/394/335 350/427/350
f 328/425/328 343/426/343 344/429/344
f 336/396/336 351/428/351 352/431/352
f 330/402/330 329/430/329 344/429/344
f 341/432/341 356/458/356 357/433/357
f 349/419/349 364/448/364 365/434/365
f 343/426/343 342/421/342 357/433/357
f 351/428/351 350/427/350 365/436/365
f 343/426/343 358/435/358 359/438/359
f 351/428/351 366/437/366 367/439/367
f 345/410/345 344/429/344 359/438/359
f 352/431/352 367/439/367 368/441/368
f 346/411/346 345/410/345 360/440/360
f 346/411/346 361/442/361 362/444/362
f 339/412/339 354/443/354 355/445/355
f 347/413/347 362/444/362 363/446/363
f 341/417/341 340/414/340 355/445/355
f 349/419/349 348/415/348 363/446/363
f 361/442/361 360/440/360 375/449/375
f 361/442/361 376/450/376 377/453/377
f 354/443/354 369/451/369 370/454/370
f 362/444/362 377/453/377 378/455/378
f 356/447/356 355/445/355 370/454/370
f 364/448/364 363/446/363 378/455/378
f 356/458/356 371/482/371 372/459/372
f 364/448/364 379/457/379 380/460/380
f 358/435/358 357/433/357 372/459/372
f 366/437/366 365/436/365 380/462/380
f 358/435/358 373/461/373 374/464/374
f 366/437/366 381/463/381 382/465/382
f 360/440/360 359/438/359 374/464/374
f 367/439/367 382/465/382 383/452/383
f 379/457/379 394/481/394 395/466/395
f 373/461/373 372/459/372 387/467/387
f 381/463/381 380/462/380 395/469/395
f 373/461/373 388/468/388 389/471/389
f 381/463/381 396/470/396 397/472/397
f 375/449/375 374/464/374 389/471/389
f 382/465/382 397/472/397 398/474/398
f 376/450/376 375/449/375 390/473/390
f 376/450/376 391/475/391 392/477/392
f 369/451/369 384/476/384 385/478/385
f 377/453/377 392/477/392 393/479/393
f 371/456/371 370/454/370 385/478/385
f 379/457/379 378/455/378 393/479/393
f 371/482/371 386/490/386 387/467/387
f 391/475/391 406/499/406 407/485/407
f 385/478/385 384/476/384 399/483/399
f 392/477/392 407/485/407 408/487/408
f 385/478/385 400/486/400 401/488/401
f 394/481/394 393/479/393 408/487/408
f 386/490/386 401/515/401 402/491/402
f 394/481/394 409/489/409 410/492/410
f 388/468/388 387/467/387 402/491/402
f 396/470/396 395/469/395 410/494/410
f 388/468/388 403/493/403 404/496/404
f 397/472/397 396/470/396 411/495/411
f 390/473/390 389/471/389 404/496/404
f 397/472/397 412/497/412 413/484/413
f 391/475/391 390/473/390 405/498/405
f 403/493/403 402/491/402 417/500/417
f 411/495/411 410/494/410 425/502/425
f 403/493/403 418/501/418 419/504/419
f 411/495/411 426/503/426 427/505/427
f 405/498/405 404/496/404 419/504/419
f 412/497/412 427/505/427 428/507/428
f 406/499/406 405/498/405 420/506/420
f 406/499/406 421/508/421 422/510/422
f 399/483/399 414/509/414 415/511/415
f 407/485/407 422/510/422 423/512/423
f 401/488/401 400/486/400 415/511/415
f 409/489/409 408/487/408 423/512/423
f 401/515/401 416/595/416 417/500/417
f 409/489/409 424/514/424 425/516/425
f 421/508/421 436/533/436 437/517/437
f 414/509/414 429/534/429 430/518/430
f 422/510/422 437/517/437 438/519/438
f 416/513/416 415/511/415 430/518/430
f 424/514/424 423/512/423 438/519/438
f 416/513/416 431/520/431 432/522/432
f 424/514/424 439/521/439 440/524/440
f 418/501/418 417/500/417 432/525/432
f 426/503/426 425/502/425 440/527/440
f 418/501/418 433/526/433 434/529/434
f 426/503/426 441/528/441 442/530/442
f 420/506/420 419/504/419 434/529/434
f 427/505/427 442/530/442 443/532/443
f 421/508/421 420/506/420 435/531/435
f 441/528/441 440/527/440 455/535/455
f 433/526/433 448/556/448 449/537/449
f 441/528/441 456/536/456 457/538/457
f 435/531/435 434/529/434 449/537/449
f 442/530/442 457/538/457 458/540/458
f 436/533/436 435/531/435 450/539/450
f 436/543/436 451/574/451 452/544/452
f 430/518/430 429/534/429 444/542/444
f 437/545/437 452/544/452 453/547/453
f 430/518/430 445/546/445 446/549/446
f 439/550/439 438/548/438 453/547/453
f 431/520/431 446/549/446 447/552/447
f 439/550/439 454/551/454 455/553/455
f 433/526/433 432/525/432 447/555/447
f 452/544/452 467/577/467 468/557/468
f 446/549/446 445/546/445 460/558/460
f 454/551/454 453/547/453 468/557/468
f 446/549/446 461/559/461 462/561/462
f 454/551/454 469/560/469 470/562/470
f 448/563/448 447/596/447 462/564/462
f 456/536/456 455/535/455 470/566/470
f 448/563/448 463/565/463 464/568/464
f 456/536/456 471/567/471 472/570/472
f 450/571/450 449/569/449 464/568/464
f 458/540/458 457/538/457 472/570/472
f 451/574/451 450/571/450 465/572/465
f 451/574/451 466/575/466 467/577/467
f 444/542/444 459/576/459 460/558/460
f 471/567/471 480/4/480 481/6/481
f 465/572/465 464/568/464 477/1/477
f 472/570/472 481/6/481 482/10/482
f 466/575/466 465/572/465 3/7/3
f 466/575/466 4/12/4 5/18/5
f 460/558/460 459/576/459 474/13/474
f 467/577/467 5/18/5 478/22/478
f 461/559/461 460/558/460 475/19/475
f 468/557/468 478/22/478 6/26/6
f 462/561/462 461/559/461 1/23/1
f 469/560/469 6/26/6 479/30/479
f 463/565/463 462/564/462 476/578/476
f 471/579/471 470/562/470 479/30/479
f 464/568/464 463/565/463 2/31/2
