# Blender 4.4.3
# www.blender.org
o 梦左脚
v -0.348518 -0.465106 0.000000
v -0.348518 -0.001977 0.000000
v -0.341822 -0.465106 -0.095870
v -0.341822 -0.001977 -0.095870
v -0.321989 -0.465106 -0.188056
v -0.321989 -0.001977 -0.188056
v -0.289782 -0.465106 -0.273015
v -0.289782 -0.001977 -0.273015
v -0.246440 -0.465106 -0.347483
v -0.246440 -0.001977 -0.347483
v -0.193626 -0.465106 -0.408596
v -0.193626 -0.001977 -0.408596
v -0.133372 -0.465106 -0.454008
v -0.133372 -0.001977 -0.454008
v -0.067993 -0.465106 -0.481972
v -0.067993 -0.001977 -0.481972
v -0.000000 -0.465106 -0.491415
v -0.000000 -0.001977 -0.491415
v 0.067993 -0.465106 -0.481972
v 0.067993 -0.001977 -0.481972
v 0.133372 -0.465106 -0.454008
v 0.133372 -0.001977 -0.454008
v 0.193626 -0.465106 -0.408596
v 0.193626 -0.001977 -0.408596
v 0.246440 -0.465106 -0.347483
v 0.246440 -0.001977 -0.347483
v 0.289782 -0.465106 -0.273015
v 0.289782 -0.001977 -0.273015
v 0.321989 -0.465106 -0.188056
v 0.321989 -0.001977 -0.188056
v 0.341822 -0.465106 -0.095870
v 0.341822 -0.001977 -0.095870
v 0.348518 -0.465106 -0.000000
v 0.348518 -0.001977 -0.000000
v 0.341822 -0.465106 0.095870
v 0.341822 -0.001977 0.095870
v 0.321989 -0.465106 0.188056
v 0.321989 -0.001977 0.188056
v 0.289782 -0.465106 0.273015
v 0.289782 -0.001977 0.273015
v 0.246440 -0.465106 0.347483
v 0.246440 -0.001977 0.347483
v 0.193626 -0.465106 0.408596
v 0.193626 -0.001977 0.408596
v 0.133372 -0.465106 0.454008
v 0.133372 -0.001977 0.454008
v 0.067993 -0.465106 0.481972
v 0.067993 -0.001977 0.481972
v 0.000000 -0.465106 0.491415
v 0.000000 -0.001977 0.491415
v -0.067993 -0.465106 0.481972
v -0.067993 -0.001977 0.481972
v -0.133372 -0.465106 0.454008
v -0.133372 -0.001977 0.454008
v -0.193626 -0.465106 0.408596
v -0.193626 -0.001977 0.408596
v -0.246440 -0.465106 0.347483
v -0.246440 -0.001977 0.347483
v -0.289782 -0.465106 0.273015
v -0.289782 -0.001977 0.273015
v -0.321989 -0.465106 0.188056
v -0.321989 -0.001977 0.188056
v -0.341822 -0.465106 0.095870
v -0.341822 -0.001977 0.095870
v -0.316647 -0.336918 -0.007921
v -0.473895 -0.403351 -0.007674
v -0.558997 -0.471385 -0.007420
v -0.569949 -0.499554 -0.007315
v -0.558997 -0.546529 -0.007140
v -0.473895 -0.633329 -0.006816
v -0.109055 -0.301045 -0.029747
v -0.213919 -0.314825 -0.050555
v -0.310562 -0.337148 -0.069695
v -0.395271 -0.367156 -0.086433
v -0.464789 -0.403696 -0.100125
v -0.516446 -0.445364 -0.110245
v -0.548256 -0.471791 -0.116474
v -0.558997 -0.499968 -0.118506
v -0.548256 -0.546936 -0.116194
v -0.516446 -0.592083 -0.109698
v -0.464789 -0.633674 -0.099268
v -0.395271 -0.670111 -0.085304
v -0.310562 -0.699993 -0.068343
v -0.213919 -0.722173 -0.049037
v -0.109055 -0.735798 -0.028127
v -0.102728 -0.301123 -0.050606
v -0.201507 -0.314977 -0.091471
v -0.292543 -0.337369 -0.129096
v -0.372337 -0.367438 -0.162036
v -0.437822 -0.404027 -0.189024
v -0.486482 -0.445732 -0.209024
v -0.516446 -0.472182 -0.221338
v -0.526564 -0.500367 -0.225423
v -0.516446 -0.547327 -0.221058
v -0.486482 -0.592451 -0.208478
v -0.437822 -0.634005 -0.188167
v -0.372337 -0.670393 -0.160906
v -0.292543 -0.700215 -0.127743
v -0.201507 -0.722325 -0.089952
v -0.102728 -0.735875 -0.048986
v -0.092452 -0.301194 -0.069829
v -0.181352 -0.315118 -0.129179
v -0.263282 -0.337573 -0.183839
v -0.335094 -0.367698 -0.231711
v -0.394029 -0.404333 -0.270954
v -0.437822 -0.446071 -0.300060
v -0.464789 -0.472542 -0.317980
v -0.473895 -0.500734 -0.323959
v -0.464789 -0.547687 -0.317700
v -0.437822 -0.592790 -0.299513
v -0.394029 -0.634311 -0.270097
v -0.335094 -0.670652 -0.230582
v -0.263282 -0.700419 -0.182487
v -0.181352 -0.722466 -0.127660
v -0.092452 -0.735947 -0.068209
v -0.078624 -0.301257 -0.086679
v -0.154227 -0.315241 -0.162230
v -0.223903 -0.337752 -0.231823
v -0.284974 -0.367925 -0.292782
v -0.335094 -0.404600 -0.342766
v -0.372337 -0.446369 -0.379853
v -0.395271 -0.472858 -0.402688
v -0.403015 -0.501056 -0.410327
v -0.395271 -0.548003 -0.402408
v -0.372337 -0.593088 -0.379306
v -0.335094 -0.634578 -0.341909
v -0.284974 -0.670880 -0.291653
v -0.223903 -0.700598 -0.230470
v -0.154227 -0.722589 -0.160712
v -0.078624 -0.736010 -0.085059
v -0.061775 -0.301309 -0.100507
v -0.121175 -0.315342 -0.189355
v -0.175919 -0.337899 -0.271201
v -0.223903 -0.368112 -0.342902
v -0.263282 -0.404820 -0.401700
v -0.292543 -0.446613 -0.445337
v -0.310562 -0.473117 -0.472206
v -0.316647 -0.501320 -0.481207
v -0.310562 -0.548262 -0.471926
v -0.292543 -0.593332 -0.444791
v -0.263282 -0.634798 -0.400843
v -0.223903 -0.671067 -0.341773
v -0.175919 -0.700744 -0.269849
v -0.121175 -0.722690 -0.187836
v -0.061775 -0.736061 -0.098887
v -0.000000 -0.296337 -0.008072
v -0.042551 -0.301347 -0.110782
v -0.083467 -0.315417 -0.209510
v -0.121175 -0.338008 -0.300462
v -0.154227 -0.368251 -0.380144
v -0.181352 -0.404983 -0.445492
v -0.201507 -0.446794 -0.493997
v -0.213919 -0.473310 -0.523863
v -0.218110 -0.501516 -0.533875
v -0.213919 -0.548454 -0.523583
v -0.201507 -0.593513 -0.493450
v -0.181352 -0.634961 -0.444635
v -0.154227 -0.671205 -0.379015
v -0.121175 -0.700853 -0.299110
v -0.083467 -0.722765 -0.207992
v -0.042551 -0.736100 -0.109162
v -0.021692 -0.301371 -0.117109
v -0.042551 -0.315464 -0.221922
v -0.061775 -0.338075 -0.318481
v -0.078624 -0.368336 -0.403078
v -0.092452 -0.405084 -0.472460
v -0.102728 -0.446906 -0.523961
v -0.109055 -0.473428 -0.555673
v -0.111191 -0.501637 -0.566308
v -0.109055 -0.548573 -0.555393
v -0.102728 -0.593625 -0.523414
v -0.092452 -0.635062 -0.471602
v -0.078624 -0.671291 -0.401949
v -0.061775 -0.700920 -0.317129
v -0.042551 -0.722812 -0.220403
v -0.021692 -0.736123 -0.115489
v -0.000000 -0.301379 -0.119246
v -0.000000 -0.315479 -0.226113
v 0.000000 -0.338098 -0.324566
v -0.000000 -0.368365 -0.410821
v 0.000000 -0.405118 -0.481565
v -0.000000 -0.446943 -0.534079
v 0.000000 -0.473468 -0.566413
v 0.000000 -0.501678 -0.577260
v 0.000000 -0.548613 -0.566133
v -0.000000 -0.593663 -0.533532
v 0.000000 -0.635096 -0.480708
v -0.000000 -0.671320 -0.409692
v 0.000000 -0.700943 -0.323213
v -0.000000 -0.722827 -0.224594
v -0.000000 -0.736131 -0.117626
v 0.021692 -0.301371 -0.117109
v 0.042551 -0.315464 -0.221922
v 0.061775 -0.338075 -0.318481
v 0.078624 -0.368336 -0.403078
v 0.092452 -0.405084 -0.472460
v 0.102727 -0.446906 -0.523961
v 0.109055 -0.473428 -0.555673
v 0.111192 -0.501637 -0.566308
v 0.109055 -0.548573 -0.555392
v 0.102727 -0.593625 -0.523414
v 0.092452 -0.635062 -0.471602
v 0.078624 -0.671291 -0.401949
v 0.061775 -0.700920 -0.317129
v 0.042551 -0.722812 -0.220403
v 0.021692 -0.736123 -0.115489
v 0.042551 -0.301347 -0.110782
v 0.083467 -0.315417 -0.209510
v 0.121175 -0.338008 -0.300462
v 0.154227 -0.368251 -0.380144
v 0.181352 -0.404983 -0.445492
v 0.201507 -0.446794 -0.493997
v 0.213919 -0.473310 -0.523863
v 0.218110 -0.501516 -0.533875
v 0.213919 -0.548454 -0.523583
v 0.201507 -0.593513 -0.493450
v 0.181352 -0.634961 -0.444635
v 0.154227 -0.671205 -0.379015
v 0.121175 -0.700853 -0.299110
v 0.083467 -0.722765 -0.207992
v 0.042551 -0.736100 -0.109162
v 0.061775 -0.301309 -0.100507
v 0.121175 -0.315342 -0.189355
v 0.175919 -0.337899 -0.271201
v 0.223903 -0.368112 -0.342902
v 0.263282 -0.404820 -0.401700
v 0.292543 -0.446613 -0.445337
v 0.310562 -0.473117 -0.472206
v 0.316647 -0.501320 -0.481207
v 0.310562 -0.548262 -0.471926
v 0.292543 -0.593332 -0.444791
v 0.263282 -0.634798 -0.400843
v 0.223903 -0.671067 -0.341772
v 0.175919 -0.700744 -0.269849
v 0.121175 -0.722690 -0.187836
v 0.061775 -0.736061 -0.098887
v 0.078624 -0.301257 -0.086679
v 0.154227 -0.315241 -0.162230
v 0.223903 -0.337752 -0.231823
v 0.284974 -0.367925 -0.292782
v 0.335094 -0.404600 -0.342766
v 0.372337 -0.446369 -0.379853
v 0.395271 -0.472858 -0.402688
v 0.403015 -0.501056 -0.410327
v 0.395271 -0.548003 -0.402408
v 0.372337 -0.593088 -0.379306
v 0.335094 -0.634578 -0.341908
v 0.284974 -0.670880 -0.291653
v 0.223903 -0.700598 -0.230470
v 0.154227 -0.722589 -0.160712
v 0.078624 -0.736010 -0.085059
v 0.092452 -0.301194 -0.069829
v 0.181352 -0.315118 -0.129179
v 0.263282 -0.337573 -0.183839
v 0.335094 -0.367698 -0.231711
v 0.394029 -0.404333 -0.270954
v 0.437822 -0.446071 -0.300060
v 0.464789 -0.472542 -0.317980
v 0.473895 -0.500734 -0.323959
v 0.464789 -0.547687 -0.317700
v 0.437822 -0.592790 -0.299513
v 0.394029 -0.634311 -0.270097
v 0.335094 -0.670652 -0.230582
v 0.263282 -0.700419 -0.182487
v 0.181352 -0.722466 -0.127660
v 0.092452 -0.735947 -0.068209
v 0.102727 -0.301123 -0.050606
v 0.201507 -0.314977 -0.091471
v 0.292543 -0.337369 -0.129096
v 0.372337 -0.367438 -0.162036
v 0.437822 -0.404027 -0.189024
v 0.486482 -0.445732 -0.209024
v 0.516446 -0.472182 -0.221337
v 0.526564 -0.500367 -0.225423
v 0.516446 -0.547327 -0.221057
v 0.486482 -0.592451 -0.208478
v 0.437822 -0.634005 -0.188167
v 0.372337 -0.670393 -0.160906
v 0.292543 -0.700215 -0.127743
v 0.201507 -0.722325 -0.089952
v 0.102727 -0.735875 -0.048986
v 0.109055 -0.301045 -0.029747
v 0.213919 -0.314825 -0.050555
v 0.310562 -0.337148 -0.069695
v 0.395271 -0.367156 -0.086433
v 0.464789 -0.403696 -0.100125
v 0.516446 -0.445364 -0.110245
v 0.548256 -0.471791 -0.116474
v 0.558997 -0.499968 -0.118506
v 0.548256 -0.546936 -0.116194
v 0.516446 -0.592083 -0.109698
v 0.464789 -0.633674 -0.099268
v 0.395271 -0.670111 -0.085304
v 0.310562 -0.699993 -0.068343
v 0.213919 -0.722173 -0.049037
v 0.109055 -0.735798 -0.028127
v 0.111191 -0.300964 -0.008055
v 0.218110 -0.314666 -0.008004
v 0.316646 -0.336918 -0.007921
v 0.403015 -0.366863 -0.007810
v 0.473895 -0.403351 -0.007674
v 0.526564 -0.444981 -0.007518
v 0.558997 -0.471385 -0.007420
v 0.569948 -0.499554 -0.007315
v 0.558997 -0.546529 -0.007140
v 0.526564 -0.591700 -0.006972
v 0.473895 -0.633329 -0.006816
v 0.403015 -0.669818 -0.006680
v 0.316646 -0.699763 -0.006569
v 0.218110 -0.722014 -0.006486
v 0.111191 -0.735717 -0.006435
v 0.109055 -0.300883 0.013637
v 0.213919 -0.314508 0.034547
v 0.310562 -0.336688 0.053853
v 0.395271 -0.366570 0.070814
v 0.464789 -0.403007 0.084778
v 0.516446 -0.444598 0.095208
v 0.548256 -0.470978 0.101634
v 0.558997 -0.499139 0.103876
v 0.548256 -0.546123 0.101914
v 0.516446 -0.591317 0.095755
v 0.464789 -0.632985 0.085635
v 0.395271 -0.669525 0.071943
v 0.310562 -0.699533 0.055205
v 0.213919 -0.721856 0.036065
v 0.109055 -0.735636 0.015257
v 0.102727 -0.300806 0.034496
v 0.201507 -0.314355 0.075462
v 0.292543 -0.336466 0.113253
v 0.372337 -0.366288 0.146416
v 0.437822 -0.402676 0.173677
v 0.486482 -0.444230 0.193987
v 0.516446 -0.470588 0.206498
v 0.526564 -0.498741 0.210793
v 0.516446 -0.545732 0.206778
v 0.486482 -0.590949 0.194534
v 0.437822 -0.632653 0.174534
v 0.372337 -0.669243 0.147545
v 0.292543 -0.699311 0.114606
v 0.201507 -0.721703 0.076981
v 0.102727 -0.735558 0.036116
v 0.092452 -0.300734 0.053719
v 0.181352 -0.314215 0.113170
v 0.263282 -0.336262 0.167997
v 0.335094 -0.366029 0.216092
v 0.394029 -0.402370 0.255607
v 0.437822 -0.443891 0.285023
v 0.464789 -0.470227 0.303140
v 0.473895 -0.498374 0.309329
v 0.464789 -0.545372 0.303420
v 0.437822 -0.590610 0.285570
v 0.394029 -0.632348 0.256464
v 0.335094 -0.668983 0.217221
v 0.263282 -0.699107 0.169349
v 0.181352 -0.721563 0.114689
v 0.092452 -0.735486 0.055339
v 0.078624 -0.300671 0.070568
v 0.154227 -0.314092 0.146222
v 0.223903 -0.336083 0.215980
v 0.284974 -0.365801 0.277163
v 0.335094 -0.402103 0.327418
v 0.372337 -0.443593 0.364816
v 0.395271 -0.469912 0.387848
v 0.403014 -0.498052 0.395697
v 0.395271 -0.545056 0.388128
v 0.372337 -0.590312 0.365363
v 0.335094 -0.632080 0.328276
v 0.284974 -0.668756 0.278292
v 0.223903 -0.698929 0.217332
v 0.154227 -0.721440 0.147740
v 0.078624 -0.735424 0.072189
v -0.000000 -0.740343 -0.006418
v 0.061775 -0.300620 0.084396
v 0.121175 -0.313990 0.173346
v 0.175919 -0.335937 0.255359
v 0.223903 -0.365614 0.327283
v 0.263282 -0.401883 0.386353
v 0.292543 -0.443349 0.430300
v 0.310562 -0.469653 0.457366
v 0.316646 -0.497788 0.466577
v 0.310562 -0.544797 0.457646
v 0.292543 -0.590068 0.430847
v 0.263282 -0.631861 0.387210
v 0.223903 -0.668569 0.328412
v 0.175919 -0.698782 0.256711
v 0.121175 -0.721338 0.174865
v 0.061775 -0.735372 0.086017
v 0.042551 -0.300581 0.094672
v 0.083467 -0.313915 0.193502
v 0.121175 -0.335827 0.284620
v 0.154227 -0.365475 0.364525
v 0.181352 -0.401720 0.430145
v 0.201507 -0.443168 0.478960
v 0.213919 -0.469460 0.509023
v 0.218110 -0.497591 0.519245
v 0.213919 -0.544605 0.509303
v 0.201507 -0.589887 0.479507
v 0.181352 -0.631698 0.431002
v 0.154227 -0.668430 0.365654
v 0.121175 -0.698673 0.285972
v 0.083467 -0.721263 0.195020
v 0.042551 -0.735334 0.096292
v 0.021692 -0.300558 0.100999
v 0.042551 -0.313869 0.205913
v 0.061775 -0.335760 0.302639
v 0.078624 -0.365390 0.387459
v 0.092452 -0.401619 0.457112
v 0.102728 -0.443056 0.508924
v 0.109055 -0.469342 0.540832
v 0.111191 -0.497470 0.551678
v 0.109055 -0.544486 0.541112
v 0.102728 -0.589775 0.509471
v 0.092452 -0.631597 0.457970
v 0.078624 -0.668345 0.388588
v 0.061775 -0.698606 0.303991
v 0.042551 -0.721217 0.207432
v 0.021692 -0.735310 0.102619
v -0.000000 -0.300550 0.103135
v -0.000000 -0.313854 0.210104
v -0.000000 -0.335738 0.308723
v -0.000000 -0.365361 0.395202
v -0.000000 -0.401585 0.466218
v 0.000000 -0.443018 0.519042
v -0.000000 -0.469301 0.551573
v -0.000000 -0.497430 0.562629
v -0.000000 -0.544446 0.551853
v 0.000000 -0.589737 0.519589
v -0.000000 -0.631563 0.467075
v -0.000000 -0.668316 0.396331
v -0.000000 -0.698583 0.310075
v -0.000000 -0.721201 0.211622
v -0.000000 -0.735302 0.104756
v -0.021692 -0.300558 0.100999
v -0.042551 -0.313869 0.205913
v -0.061775 -0.335760 0.302639
v -0.078624 -0.365390 0.387458
v -0.092452 -0.401619 0.457112
v -0.102728 -0.443056 0.508924
v -0.109055 -0.469342 0.540832
v -0.111192 -0.497470 0.551678
v -0.109055 -0.544486 0.541112
v -0.102728 -0.589775 0.509471
v -0.092452 -0.631597 0.457969
v -0.078624 -0.668345 0.388588
v -0.061775 -0.698606 0.303991
v -0.042551 -0.721217 0.207432
v -0.021692 -0.735310 0.102619
v -0.042551 -0.300581 0.094672
v -0.083467 -0.313915 0.193502
v -0.121175 -0.335827 0.284620
v -0.154227 -0.365475 0.364525
v -0.181352 -0.401720 0.430145
v -0.201507 -0.443168 0.478960
v -0.213919 -0.469460 0.509022
v -0.218110 -0.497591 0.519245
v -0.213919 -0.544605 0.509302
v -0.201507 -0.589887 0.479507
v -0.181352 -0.631698 0.431002
v -0.154227 -0.668430 0.365654
v -0.121175 -0.698673 0.285972
v -0.083467 -0.721263 0.195020
v -0.042551 -0.735334 0.096292
v -0.061775 -0.300620 0.084396
v -0.121175 -0.313990 0.173346
v -0.175919 -0.335937 0.255359
v -0.223903 -0.365614 0.327282
v -0.263282 -0.401883 0.386353
v -0.292543 -0.443349 0.430300
v -0.310562 -0.469653 0.457366
v -0.316647 -0.497788 0.466576
v -0.310562 -0.544797 0.457646
v -0.292543 -0.590068 0.430847
v -0.263282 -0.631861 0.387210
v -0.223903 -0.668569 0.328412
v -0.175919 -0.698782 0.256711
v -0.121175 -0.721338 0.174865
v -0.061775 -0.735372 0.086017
v -0.078624 -0.300671 0.070568
v -0.154227 -0.314092 0.146222
v -0.223903 -0.336083 0.215980
v -0.284974 -0.365801 0.277163
v -0.335094 -0.402103 0.327418
v -0.372337 -0.443593 0.364816
v -0.395271 -0.469912 0.387848
v -0.403014 -0.498052 0.395696
v -0.395271 -0.545056 0.388128
v -0.372337 -0.590312 0.365363
v -0.335094 -0.632080 0.328275
v -0.284974 -0.668756 0.278292
v -0.223903 -0.698929 0.217332
v -0.154227 -0.721440 0.147740
v -0.078624 -0.735424 0.072189
v -0.092452 -0.300734 0.053719
v -0.181352 -0.314215 0.113170
v -0.263282 -0.336262 0.167997
v -0.335094 -0.366029 0.216092
v -0.394029 -0.402370 0.255606
v -0.437822 -0.443891 0.285023
v -0.464789 -0.470227 0.303140
v -0.473895 -0.498374 0.309329
v -0.464789 -0.545372 0.303420
v -0.437822 -0.590610 0.285570
v -0.394029 -0.632348 0.256463
v -0.335094 -0.668983 0.217221
v -0.263282 -0.699107 0.169349
v -0.181352 -0.721563 0.114689
v -0.092452 -0.735486 0.055339
v -0.102727 -0.300806 0.034496
v -0.201507 -0.314355 0.075462
v -0.292543 -0.336466 0.113253
v -0.372337 -0.366288 0.146416
v -0.437822 -0.402676 0.173677
v -0.486482 -0.444230 0.193987
v -0.516446 -0.470588 0.206497
v -0.526564 -0.498741 0.210793
v -0.516446 -0.545732 0.206777
v -0.486482 -0.590949 0.194534
v -0.437822 -0.632653 0.174534
v -0.372337 -0.669243 0.147545
v -0.292543 -0.699311 0.114606
v -0.201507 -0.721703 0.076981
v -0.102727 -0.735558 0.036116
v -0.109055 -0.300883 0.013637
v -0.213919 -0.314508 0.034547
v -0.310562 -0.336688 0.053853
v -0.395271 -0.366570 0.070814
v -0.464789 -0.403007 0.084778
v -0.516446 -0.444598 0.095208
v -0.548256 -0.470978 0.101634
v -0.558997 -0.499139 0.103875
v -0.548256 -0.546123 0.101914
v -0.516446 -0.591317 0.095755
v -0.464789 -0.632985 0.085635
v -0.395271 -0.669525 0.071943
v -0.310562 -0.699533 0.055205
v -0.213919 -0.721856 0.036065
v -0.109055 -0.735636 0.015257
v -0.111191 -0.300964 -0.008055
v -0.218110 -0.314666 -0.008004
v -0.403015 -0.366863 -0.007810
v -0.526564 -0.444981 -0.007518
v -0.526564 -0.591700 -0.006972
v -0.403015 -0.669818 -0.006680
v -0.316646 -0.699763 -0.006569
v -0.218110 -0.722014 -0.006486
v -0.111191 -0.735717 -0.006435
vn -0.5764 -0.8172 -0.0000
vn -0.5764 0.8172 -0.0000
vn -0.5671 -0.8198 -0.0800
vn -0.5671 0.8198 -0.0800
vn -0.5391 -0.8273 -0.1584
vn -0.5391 0.8272 -0.1584
vn -0.4920 -0.8388 -0.2331
vn -0.4919 0.8388 -0.2331
vn -0.4255 -0.8532 -0.3018
vn -0.4255 0.8532 -0.3018
vn -0.3402 -0.8682 -0.3611
vn -0.3402 0.8682 -0.3611
vn -0.2380 -0.8817 -0.4075
vn -0.2380 0.8817 -0.4075
vn -0.1226 -0.8910 -0.4372
vn -0.1226 0.8910 -0.4371
vn -0.0000 -0.8944 -0.4474
vn -0.0000 0.8943 -0.4474
vn 0.1226 -0.8910 -0.4371
vn 0.1226 0.8910 -0.4371
vn 0.2380 -0.8817 -0.4075
vn 0.2380 0.8817 -0.4075
vn 0.3402 -0.8682 -0.3611
vn 0.3402 0.8682 -0.3611
vn 0.4255 -0.8532 -0.3018
vn 0.4255 0.8532 -0.3018
vn 0.4919 -0.8388 -0.2331
vn 0.4919 0.8388 -0.2331
vn 0.5391 -0.8273 -0.1584
vn 0.5391 0.8272 -0.1584
vn 0.5671 -0.8198 -0.0800
vn 0.5671 0.8198 -0.0800
vn 0.5764 -0.8172 -0.0000
vn 0.5764 0.8172 -0.0000
vn 0.5671 -0.8198 0.0800
vn 0.5671 0.8198 0.0800
vn 0.5391 -0.8273 0.1584
vn 0.5391 0.8272 0.1584
vn 0.4920 -0.8388 0.2331
vn 0.4919 0.8388 0.2331
vn 0.4255 -0.8532 0.3018
vn 0.4255 0.8532 0.3018
vn 0.3402 -0.8682 0.3611
vn 0.3402 0.8682 0.3611
vn 0.2380 -0.8817 0.4075
vn 0.2380 0.8817 0.4075
vn 0.1226 -0.8910 0.4372
vn 0.1226 0.8910 0.4371
vn -0.0000 -0.8944 0.4474
vn -0.0000 0.8943 0.4474
vn -0.1226 -0.8910 0.4371
vn -0.1226 0.8910 0.4371
vn -0.2380 -0.8817 0.4075
vn -0.2380 0.8817 0.4075
vn -0.3402 -0.8682 0.3611
vn -0.3402 0.8682 0.3611
vn -0.4255 -0.8532 0.3018
vn -0.4255 0.8532 0.3018
vn -0.4919 -0.8388 0.2331
vn -0.4919 0.8388 0.2331
vn -0.5391 -0.8273 0.1584
vn -0.5391 0.8272 0.1584
vn -0.5671 -0.8198 0.0800
vn -0.5671 0.8198 0.0800
vn -0.2778 0.9606 -0.0036
vn -0.5432 0.8396 -0.0031
vn -0.8014 0.5981 -0.0021
vn -0.9973 0.0732 -0.0003
vn -0.9090 -0.4168 0.0015
vn -0.5432 -0.8396 0.0031
vn -0.0860 0.9961 -0.0212
vn -0.1737 0.9840 -0.0385
vn -0.2722 0.9605 -0.0579
vn -0.3887 0.9178 -0.0807
vn -0.5325 0.8395 -0.1085
vn -0.6141 0.7794 -0.1244
vn -0.7857 0.5986 -0.1563
vn -0.9788 0.0725 -0.1916
vn -0.8917 -0.4181 -0.1734
vn -0.7085 -0.6922 -0.1371
vn -0.5325 -0.8402 -0.1024
vn -0.3887 -0.9184 -0.0739
vn -0.2722 -0.9609 -0.0508
vn -0.1737 -0.9843 -0.0312
vn -0.0861 -0.9962 -0.0138
vn -0.0805 0.9960 -0.0377
vn -0.1631 0.9840 -0.0718
vn -0.2557 0.9605 -0.1099
vn -0.3655 0.9179 -0.1547
vn -0.5009 0.8398 -0.2096
vn -0.5788 0.7790 -0.2414
vn -0.7392 0.6007 -0.3044
vn -0.9235 0.0721 -0.3766
vn -0.8405 -0.4201 -0.3422
vn -0.6670 -0.6940 -0.2713
vn -0.5008 -0.8413 -0.2034
vn -0.3654 -0.9190 -0.1479
vn -0.2557 -0.9613 -0.1028
vn -0.1631 -0.9845 -0.0645
vn -0.0805 -0.9963 -0.0303
vn -0.0719 0.9960 -0.0527
vn -0.1461 0.9840 -0.1021
vn -0.2294 0.9605 -0.1574
vn -0.3281 0.9181 -0.2225
vn -0.4501 0.8402 -0.3024
vn -0.5212 0.7786 -0.3495
vn -0.6645 0.6034 -0.4408
vn -0.8329 0.0720 -0.5487
vn -0.7571 -0.4222 -0.4985
vn -0.5999 -0.6958 -0.3949
vn -0.4500 -0.8425 -0.2962
vn -0.3281 -0.9197 -0.2157
vn -0.2294 -0.9617 -0.1502
vn -0.1461 -0.9847 -0.0948
vn -0.0719 -0.9964 -0.0453
vn -0.0606 0.9960 -0.0655
vn -0.1237 0.9840 -0.1283
vn -0.1945 0.9606 -0.1987
vn -0.2785 0.9182 -0.2816
vn -0.3823 0.8407 -0.3836
vn -0.4436 0.7783 -0.4445
vn -0.5647 0.6058 -0.5604
vn -0.7099 0.0718 -0.7007
vn -0.6446 -0.4240 -0.6362
vn -0.5100 -0.6975 -0.5034
vn -0.3822 -0.8435 -0.3773
vn -0.2784 -0.9203 -0.2748
vn -0.1945 -0.9620 -0.1915
vn -0.1237 -0.9849 -0.1211
vn -0.0606 -0.9965 -0.0581
vn -0.0472 0.9960 -0.0758
vn -0.0968 0.9840 -0.1497
vn -0.1524 0.9606 -0.2324
vn -0.2185 0.9184 -0.3300
vn -0.3001 0.8410 -0.4502
vn -0.3487 0.7780 -0.5226
vn -0.4435 0.6076 -0.6588
vn -0.5587 0.0717 -0.8262
vn -0.5070 -0.4254 -0.7497
vn -0.4008 -0.6987 -0.5926
vn -0.3001 -0.8443 -0.4439
vn -0.2184 -0.9208 -0.3231
vn -0.1524 -0.9623 -0.2252
vn -0.0968 -0.9851 -0.1424
vn -0.0473 -0.9965 -0.0684
vn -0.0000 1.0000 -0.0037
vn -0.0323 0.9960 -0.0833
vn -0.0665 0.9840 -0.1654
vn -0.1048 0.9606 -0.2573
vn -0.1503 0.9184 -0.3659
vn -0.2067 0.8412 -0.4997
vn -0.2403 0.7778 -0.5808
vn -0.3055 0.6088 -0.7321
vn -0.3854 0.0715 -0.9200
vn -0.3495 -0.4263 -0.8343
vn -0.2761 -0.6995 -0.6591
vn -0.2066 -0.8449 -0.4934
vn -0.1503 -0.9211 -0.3590
vn -0.1048 -0.9625 -0.2502
vn -0.0665 -0.9852 -0.1581
vn -0.0323 -0.9966 -0.0759
vn -0.0164 0.9960 -0.0879
vn -0.0338 0.9840 -0.1750
vn -0.0534 0.9606 -0.2726
vn -0.0766 0.9185 -0.3880
vn -0.1053 0.8413 -0.5302
vn -0.1225 0.7777 -0.6166
vn -0.1558 0.6095 -0.7774
vn -0.1966 0.0715 -0.9779
vn -0.1783 -0.4268 -0.8866
vn -0.1408 -0.7000 -0.7001
vn -0.1053 -0.8452 -0.5239
vn -0.0766 -0.9214 -0.3811
vn -0.0534 -0.9626 -0.2655
vn -0.0338 -0.9853 -0.1677
vn -0.0164 -0.9966 -0.0805
vn -0.0000 0.9960 -0.0895
vn -0.0000 0.9840 -0.1783
vn -0.0000 0.9606 -0.2778
vn -0.0000 0.9185 -0.3954
vn -0.0000 0.8413 -0.5406
vn -0.0000 0.7776 -0.6287
vn -0.0000 0.6097 -0.7927
vn -0.0000 0.0714 -0.9974
vn -0.0000 -0.4270 -0.9043
vn -0.0000 -0.7002 -0.7140
vn -0.0000 -0.8453 -0.5342
vn -0.0000 -0.9214 -0.3886
vn -0.0000 -0.9627 -0.2706
vn -0.0000 -0.9853 -0.1710
vn -0.0000 -0.9966 -0.0821
vn 0.0164 0.9960 -0.0879
vn 0.0338 0.9840 -0.1750
vn 0.0534 0.9606 -0.2726
vn 0.0766 0.9185 -0.3880
vn 0.1053 0.8413 -0.5302
vn 0.1225 0.7777 -0.6166
vn 0.1558 0.6095 -0.7774
vn 0.1966 0.0714 -0.9779
vn 0.1783 -0.4268 -0.8866
vn 0.1408 -0.7000 -0.7001
vn 0.1053 -0.8452 -0.5239
vn 0.0766 -0.9214 -0.3811
vn 0.0534 -0.9626 -0.2655
vn 0.0338 -0.9853 -0.1677
vn 0.0164 -0.9966 -0.0805
vn 0.0323 0.9960 -0.0833
vn 0.0665 0.9840 -0.1654
vn 0.1048 0.9606 -0.2573
vn 0.1503 0.9184 -0.3659
vn 0.2067 0.8412 -0.4997
vn 0.2403 0.7778 -0.5808
vn 0.3055 0.6088 -0.7321
vn 0.3854 0.0715 -0.9200
vn 0.3495 -0.4263 -0.8343
vn 0.2761 -0.6995 -0.6591
vn 0.2066 -0.8449 -0.4934
vn 0.1503 -0.9211 -0.3590
vn 0.1048 -0.9625 -0.2502
vn 0.0665 -0.9852 -0.1581
vn 0.0323 -0.9966 -0.0759
vn 0.0472 0.9960 -0.0758
vn 0.0968 0.9840 -0.1497
vn 0.1524 0.9606 -0.2324
vn 0.2185 0.9184 -0.3300
vn 0.3001 0.8410 -0.4502
vn 0.3487 0.7780 -0.5226
vn 0.4435 0.6076 -0.6588
vn 0.5587 0.0717 -0.8262
vn 0.5070 -0.4254 -0.7497
vn 0.4008 -0.6987 -0.5926
vn 0.3001 -0.8443 -0.4439
vn 0.2184 -0.9208 -0.3231
vn 0.1524 -0.9623 -0.2252
vn 0.0968 -0.9851 -0.1424
vn 0.0473 -0.9965 -0.0684
vn 0.0606 0.9960 -0.0655
vn 0.1237 0.9840 -0.1283
vn 0.1945 0.9606 -0.1987
vn 0.2785 0.9182 -0.2816
vn 0.3823 0.8407 -0.3836
vn 0.4436 0.7783 -0.4445
vn 0.5647 0.6058 -0.5604
vn 0.7099 0.0718 -0.7007
vn 0.6446 -0.4240 -0.6362
vn 0.5100 -0.6975 -0.5034
vn 0.3822 -0.8435 -0.3773
vn 0.2784 -0.9203 -0.2748
vn 0.1945 -0.9620 -0.1915
vn 0.1237 -0.9849 -0.1210
vn 0.0606 -0.9965 -0.0581
vn 0.0719 0.9960 -0.0527
vn 0.1461 0.9840 -0.1021
vn 0.2294 0.9605 -0.1574
vn 0.3281 0.9181 -0.2225
vn 0.4501 0.8402 -0.3024
vn 0.5212 0.7786 -0.3495
vn 0.6645 0.6034 -0.4408
vn 0.8329 0.0720 -0.5487
vn 0.7571 -0.4222 -0.4985
vn 0.5999 -0.6958 -0.3949
vn 0.4500 -0.8425 -0.2962
vn 0.3281 -0.9197 -0.2157
vn 0.2294 -0.9617 -0.1502
vn 0.1461 -0.9847 -0.0948
vn 0.0719 -0.9964 -0.0453
vn 0.0805 0.9960 -0.0377
vn 0.1631 0.9840 -0.0718
vn 0.2557 0.9605 -0.1099
vn 0.3655 0.9179 -0.1547
vn 0.5009 0.8398 -0.2096
vn 0.5788 0.7790 -0.2414
vn 0.7392 0.6007 -0.3044
vn 0.9235 0.0721 -0.3766
vn 0.8405 -0.4201 -0.3422
vn 0.6670 -0.6940 -0.2713
vn 0.5008 -0.8413 -0.2034
vn 0.3654 -0.9190 -0.1479
vn 0.2557 -0.9613 -0.1028
vn 0.1631 -0.9845 -0.0645
vn 0.0805 -0.9963 -0.0303
vn 0.0860 0.9961 -0.0212
vn 0.1737 0.9840 -0.0385
vn 0.2722 0.9605 -0.0579
vn 0.3887 0.9178 -0.0807
vn 0.5325 0.8395 -0.1085
vn 0.6141 0.7794 -0.1244
vn 0.7857 0.5986 -0.1563
vn 0.9788 0.0725 -0.1916
vn 0.8917 -0.4181 -0.1734
vn 0.7085 -0.6922 -0.1371
vn 0.5325 -0.8402 -0.1024
vn 0.3887 -0.9184 -0.0739
vn 0.2722 -0.9609 -0.0508
vn 0.1737 -0.9843 -0.0312
vn 0.0861 -0.9962 -0.0138
vn 0.0880 0.9961 -0.0037
vn 0.1774 0.9841 -0.0037
vn 0.2778 0.9606 -0.0036
vn 0.3966 0.9180 -0.0034
vn 0.5432 0.8396 -0.0031
vn 0.6260 0.7798 -0.0029
vn 0.8014 0.5981 -0.0021
vn 0.9973 0.0732 -0.0003
vn 0.9090 -0.4168 0.0015
vn 0.7226 -0.6912 0.0025
vn 0.5432 -0.8396 0.0031
vn 0.3966 -0.9180 0.0034
vn 0.2778 -0.9606 0.0036
vn 0.1774 -0.9841 0.0037
vn 0.0879 -0.9961 0.0037
vn 0.0861 0.9962 0.0138
vn 0.1737 0.9843 0.0312
vn 0.2722 0.9609 0.0508
vn 0.3887 0.9184 0.0739
vn 0.5325 0.8402 0.1024
vn 0.6141 0.7803 0.1186
vn 0.7855 0.5999 0.1520
vn 0.9788 0.0742 0.1911
vn 0.8918 -0.4166 0.1765
vn 0.7086 -0.6912 0.1421
vn 0.5325 -0.8395 0.1085
vn 0.3887 -0.9178 0.0807
vn 0.2722 -0.9605 0.0579
vn 0.1737 -0.9840 0.0385
vn 0.0860 -0.9961 0.0212
vn 0.0805 0.9963 0.0303
vn 0.1631 0.9845 0.0645
vn 0.2557 0.9613 0.1028
vn 0.3654 0.9190 0.1479
vn 0.5008 0.8413 0.2034
vn 0.5788 0.7807 0.2356
vn 0.7390 0.6032 0.3000
vn 0.9235 0.0755 0.3761
vn 0.8406 -0.4173 0.3453
vn 0.6671 -0.6918 0.2764
vn 0.5009 -0.8398 0.2096
vn 0.3655 -0.9179 0.1547
vn 0.2557 -0.9605 0.1099
vn 0.1631 -0.9840 0.0718
vn 0.0805 -0.9960 0.0377
vn 0.0719 0.9964 0.0453
vn 0.1461 0.9847 0.0948
vn 0.2294 0.9617 0.1502
vn 0.3281 0.9197 0.2157
vn 0.4500 0.8425 0.2962
vn 0.5212 0.7812 0.3437
vn 0.6642 0.6070 0.4362
vn 0.8329 0.0767 0.5481
vn 0.7573 -0.4182 0.5016
vn 0.6000 -0.6928 0.4001
vn 0.4501 -0.8402 0.3024
vn 0.3281 -0.9181 0.2225
vn 0.2294 -0.9605 0.1574
vn 0.1461 -0.9840 0.1021
vn 0.0719 -0.9960 0.0527
vn 0.0606 0.9965 0.0581
vn 0.1237 0.9849 0.1210
vn 0.1945 0.9620 0.1915
vn 0.2784 0.9203 0.2748
vn 0.3822 0.8435 0.3773
vn 0.4436 0.7816 0.4387
vn 0.5644 0.6104 0.5557
vn 0.7098 0.0778 0.7001
vn 0.6447 -0.4190 0.6394
vn 0.5102 -0.6936 0.5086
vn 0.3823 -0.8407 0.3836
vn 0.2785 -0.9182 0.2816
vn 0.1945 -0.9606 0.1987
vn 0.1237 -0.9840 0.1284
vn 0.0606 -0.9960 0.0655
vn -0.0000 -1.0000 0.0037
vn 0.0473 0.9965 0.0684
vn 0.0968 0.9851 0.1424
vn 0.1524 0.9623 0.2252
vn 0.2184 0.9208 0.3231
vn 0.3001 0.8443 0.4439
vn 0.3487 0.7819 0.5168
vn 0.4433 0.6129 0.6540
vn 0.5587 0.0786 0.8256
vn 0.5071 -0.4195 0.7529
vn 0.4009 -0.6942 0.5979
vn 0.3001 -0.8410 0.4502
vn 0.2185 -0.9184 0.3300
vn 0.1524 -0.9606 0.2324
vn 0.0968 -0.9840 0.1497
vn 0.0472 -0.9960 0.0758
vn 0.0323 0.9966 0.0759
vn 0.0665 0.9852 0.1581
vn 0.1048 0.9625 0.2502
vn 0.1503 0.9211 0.3590
vn 0.2066 0.8449 0.4934
vn 0.2403 0.7821 0.5750
vn 0.3054 0.6147 0.7273
vn 0.3854 0.0791 0.9194
vn 0.3496 -0.4198 0.8376
vn 0.2762 -0.6945 0.6644
vn 0.2067 -0.8412 0.4997
vn 0.1503 -0.9184 0.3659
vn 0.1048 -0.9606 0.2573
vn 0.0665 -0.9840 0.1654
vn 0.0323 -0.9960 0.0833
vn 0.0164 0.9966 0.0805
vn 0.0338 0.9853 0.1677
vn 0.0534 0.9626 0.2655
vn 0.0766 0.9214 0.3811
vn 0.1053 0.8452 0.5239
vn 0.1225 0.7822 0.6108
vn 0.1557 0.6156 0.7725
vn 0.1966 0.0794 0.9773
vn 0.1783 -0.4199 0.8899
vn 0.1408 -0.6947 0.7054
vn 0.1053 -0.8413 0.5302
vn 0.0766 -0.9185 0.3880
vn 0.0534 -0.9606 0.2726
vn 0.0338 -0.9840 0.1750
vn 0.0164 -0.9960 0.0879
vn -0.0000 0.9966 0.0821
vn -0.0000 0.9853 0.1710
vn -0.0000 0.9627 0.2706
vn -0.0000 0.9214 0.3886
vn -0.0000 0.8453 0.5342
vn -0.0000 0.7823 0.6229
vn -0.0000 0.6160 0.7878
vn -0.0000 0.0795 0.9968
vn -0.0000 -0.4199 0.9076
vn -0.0000 -0.6947 0.7193
vn -0.0000 -0.8413 0.5406
vn -0.0000 -0.9185 0.3954
vn -0.0000 -0.9606 0.2778
vn -0.0000 -0.9840 0.1783
vn -0.0000 -0.9960 0.0895
vn -0.0164 0.9966 0.0805
vn -0.0338 0.9853 0.1677
vn -0.0534 0.9626 0.2655
vn -0.0766 0.9214 0.3811
vn -0.1053 0.8452 0.5239
vn -0.1225 0.7822 0.6108
vn -0.1557 0.6156 0.7725
vn -0.1966 0.0794 0.9773
vn -0.1783 -0.4199 0.8899
vn -0.1408 -0.6947 0.7054
vn -0.1053 -0.8413 0.5302
vn -0.0766 -0.9185 0.3880
vn -0.0534 -0.9606 0.2726
vn -0.0338 -0.9840 0.1750
vn -0.0164 -0.9960 0.0879
vn -0.0323 0.9966 0.0759
vn -0.0665 0.9852 0.1581
vn -0.1048 0.9625 0.2502
vn -0.1503 0.9211 0.3590
vn -0.2066 0.8449 0.4934
vn -0.2403 0.7821 0.5750
vn -0.3054 0.6147 0.7273
vn -0.3854 0.0791 0.9194
vn -0.3496 -0.4198 0.8376
vn -0.2762 -0.6945 0.6644
vn -0.2067 -0.8412 0.4997
vn -0.1503 -0.9184 0.3659
vn -0.1048 -0.9606 0.2573
vn -0.0665 -0.9840 0.1654
vn -0.0323 -0.9960 0.0833
vn -0.0473 0.9965 0.0684
vn -0.0968 0.9851 0.1424
vn -0.1524 0.9623 0.2252
vn -0.2184 0.9208 0.3231
vn -0.3001 0.8443 0.4439
vn -0.3487 0.7819 0.5168
vn -0.4433 0.6129 0.6540
vn -0.5587 0.0786 0.8256
vn -0.5071 -0.4195 0.7529
vn -0.4009 -0.6942 0.5979
vn -0.3001 -0.8410 0.4502
vn -0.2185 -0.9184 0.3300
vn -0.1524 -0.9606 0.2324
vn -0.0968 -0.9840 0.1497
vn -0.0472 -0.9960 0.0758
vn -0.0606 0.9965 0.0581
vn -0.1237 0.9849 0.1210
vn -0.1945 0.9620 0.1915
vn -0.2784 0.9203 0.2748
vn -0.3822 0.8435 0.3773
vn -0.4436 0.7816 0.4387
vn -0.5644 0.6104 0.5557
vn -0.7098 0.0778 0.7001
vn -0.6447 -0.4190 0.6394
vn -0.5102 -0.6936 0.5086
vn -0.3823 -0.8407 0.3836
vn -0.2785 -0.9182 0.2816
vn -0.1945 -0.9606 0.1987
vn -0.1237 -0.9840 0.1284
vn -0.0606 -0.9960 0.0655
vn -0.0719 0.9964 0.0453
vn -0.1461 0.9847 0.0948
vn -0.2294 0.9617 0.1502
vn -0.3281 0.9197 0.2157
vn -0.4500 0.8425 0.2962
vn -0.5212 0.7812 0.3437
vn -0.6642 0.6070 0.4362
vn -0.8329 0.0767 0.5481
vn -0.7573 -0.4182 0.5016
vn -0.6000 -0.6928 0.4001
vn -0.4501 -0.8402 0.3024
vn -0.3281 -0.9181 0.2225
vn -0.2294 -0.9605 0.1574
vn -0.1461 -0.9840 0.1021
vn -0.0719 -0.9960 0.0527
vn -0.0805 0.9963 0.0303
vn -0.1631 0.9845 0.0645
vn -0.2557 0.9613 0.1028
vn -0.3654 0.9190 0.1479
vn -0.5008 0.8413 0.2034
vn -0.5788 0.7807 0.2356
vn -0.7390 0.6032 0.3000
vn -0.9235 0.0755 0.3761
vn -0.8406 -0.4173 0.3453
vn -0.6671 -0.6918 0.2764
vn -0.5009 -0.8398 0.2096
vn -0.3655 -0.9179 0.1547
vn -0.2557 -0.9605 0.1099
vn -0.1631 -0.9840 0.0718
vn -0.0805 -0.9960 0.0377
vn -0.0861 0.9962 0.0138
vn -0.1737 0.9843 0.0312
vn -0.2722 0.9609 0.0508
vn -0.3887 0.9184 0.0739
vn -0.5325 0.8402 0.1024
vn -0.6141 0.7803 0.1186
vn -0.7855 0.5999 0.1520
vn -0.9788 0.0742 0.1911
vn -0.8918 -0.4166 0.1765
vn -0.7086 -0.6912 0.1421
vn -0.5325 -0.8395 0.1085
vn -0.3887 -0.9178 0.0807
vn -0.2722 -0.9605 0.0579
vn -0.1737 -0.9840 0.0385
vn -0.0860 -0.9961 0.0212
vn -0.0880 0.9961 -0.0037
vn -0.1774 0.9841 -0.0037
vn -0.3966 0.9180 -0.0034
vn -0.6260 0.7798 -0.0029
vn -0.7226 -0.6912 0.0025
vn -0.3966 -0.9180 0.0034
vn -0.2778 -0.9606 0.0036
vn -0.1774 -0.9841 0.0037
vn -0.0879 -0.9961 0.0037
vt 0.363878 0.675588
vt 0.392036 0.962276
vt 0.363878 0.962261
vt 0.392036 0.675603
vt 0.419609 0.962649
vt 0.419609 0.675976
vt 0.445537 0.963366
vt 0.445537 0.676694
vt 0.468823 0.964400
vt 0.740521 0.395055
vt 0.763321 0.676638
vt 0.740521 0.679110
vt 0.763321 0.392583
vt 0.788907 0.674879
vt 0.788907 0.390824
vt 0.816295 0.673901
vt 0.816295 0.389846
vt 0.844433 0.673740
vt 0.844433 0.389685
vt 0.872241 0.674404
vt 0.872241 0.390349
vt 0.898648 0.675866
vt 0.898648 0.391811
vt 0.922641 0.678070
vt 0.922641 0.394015
vt 0.943297 0.680933
vt 0.740521 0.683072
vt 0.763808 0.968711
vt 0.740521 0.969745
vt 0.763808 0.682038
vt 0.789735 0.967993
vt 0.789735 0.681321
vt 0.817308 0.967620
vt 0.817308 0.680948
vt 0.845466 0.967605
vt 0.845466 0.680933
vt 0.873127 0.967950
vt 0.873127 0.681277
vt 0.899229 0.968640
vt 0.899229 0.681967
vt 0.922767 0.969649
vt 0.922767 0.682976
vt 0.942838 0.970939
vt 0.792512 0.000242
vt 0.815593 0.287406
vt 0.792512 0.287521
vt 0.815593 0.000128
vt 0.841377 0.287326
vt 0.841377 0.000047
vt 0.868874 0.287283
vt 0.868874 0.000004
vt 0.897027 0.287279
vt 0.897027 0.000000
vt 0.924754 0.287314
vt 0.924754 0.000035
vt 0.950989 0.287386
vt 0.950989 0.000108
vt 0.974724 0.287494
vt 0.974724 0.000215
vt 0.995048 0.287632
vt 0.266506 0.678922
vt 0.286577 0.964304
vt 0.266506 0.965594
vt 0.286577 0.677632
vt 0.310115 0.963295
vt 0.607868 0.005494
vt 0.787019 0.101253
vt 0.691261 0.280409
vt 0.310115 0.676622
vt 0.336217 0.962605
vt 0.336217 0.675932
vt 0.423532 0.675588
vt 0.266506 0.546717
vt 0.395374 0.389686
vt 0.138764 0.082348
vt 0.115674 0.049943
vt 0.138656 0.046751
vt 0.400672 0.029152
vt 0.429275 0.005627
vt 0.423377 0.033937
vt 0.111500 0.021290
vt 0.138525 0.017538
vt 0.398299 0.064670
vt 0.416138 0.068429
vt 0.144491 0.907803
vt 0.119860 0.936135
vt 0.120130 0.905853
vt 0.395549 0.105189
vt 0.407836 0.107779
vt 0.104366 0.936799
vt 0.104653 0.904653
vt 0.392527 0.149152
vt 0.398791 0.150472
vt 0.087217 0.937027
vt 0.087509 0.904250
vt 0.138893 0.167027
vt 0.138910 0.212855
vt 0.132552 0.167908
vt 0.389350 0.194870
vt 0.058139 0.904665
vt 0.057852 0.936812
vt 0.126406 0.124688
vt 0.138844 0.122960
vt 0.029311 0.905878
vt 0.029041 0.936159
vt 0.120706 0.084856
vt 0.002135 0.907841
vt 0.001892 0.935094
vt 0.103343 0.092282
vt 0.028240 0.966029
vt 0.001171 0.961976
vt 0.093574 0.059395
vt 0.454424 0.018526
vt 0.444764 0.044906
vt 0.085514 0.032405
vt 0.432942 0.077048
vt 0.144247 0.935055
vt 0.119059 0.966004
vt 0.419411 0.113715
vt 0.103516 0.968509
vt 0.404692 0.153499
vt 0.086350 0.969358
vt 0.126455 0.170515
vt 0.057001 0.968521
vt 0.114445 0.129803
vt 0.102135 0.998562
vt 0.429828 0.122770
vt 0.410003 0.158115
vt 0.084942 1.000000
vt 0.120836 0.174750
vt 0.055620 0.998575
vt 0.103423 0.138110
vt 0.026939 0.994339
vt 0.087341 0.104342
vt 0.000000 0.987454
vt 0.073207 0.074745
vt 0.477057 0.038200
vt 0.464012 0.061638
vt 0.061565 0.050454
vt 0.448065 0.090194
vt 0.143526 0.961937
vt 0.117758 0.994314
vt 0.148193 0.783801
vt 0.118234 0.772934
vt 0.145465 0.758293
vt 0.055355 0.095402
vt 0.496305 0.063894
vt 0.480381 0.083489
vt 0.040573 0.074745
vt 0.460926 0.107362
vt 0.029537 0.059395
vt 0.052862 0.032405
vt 0.438687 0.134596
vt 0.022738 0.049943
vt 0.047500 0.021290
vt 0.414519 0.164143
vt 0.046598 0.811981
vt 0.060309 0.784959
vt 0.063591 0.815638
vt 0.115910 0.180450
vt 0.092699 0.812028
vt 0.089481 0.781938
vt 0.093761 0.149290
vt 0.121266 0.801278
vt 0.073314 0.120573
vt 0.445647 0.148737
vt 0.418067 0.171353
vt 0.043379 0.781892
vt 0.057731 0.748180
vt 0.111868 0.187394
vt 0.086952 0.745866
vt 0.085833 0.162912
vt 0.115852 0.738955
vt 0.061803 0.140349
vt 0.143321 0.727713
vt 0.040704 0.120573
vt 0.170126 0.738577
vt 0.168303 0.712570
vt 0.023346 0.104342
vt 0.493242 0.109619
vt 0.471031 0.127893
vt 0.004373 0.758150
vt 0.025840 0.738864
vt 0.028222 0.772843
vt 0.040851 0.745820
vt 0.029818 0.149290
vt 0.141844 0.693236
vt 0.167047 0.683251
vt 0.010545 0.138110
vt 0.502101 0.139025
vt 0.477991 0.150997
vt 0.002229 0.727570
vt 0.024199 0.700556
vt 0.450442 0.164652
vt 0.039109 0.705152
vt 0.420511 0.179466
vt 0.055955 0.706716
vt 0.108865 0.195317
vt 0.085210 0.705199
vt 0.079941 0.178454
vt 0.114211 0.700647
vt 0.053250 0.162912
vt 0.055050 0.662159
vt 0.107015 0.203914
vt 0.421757 0.188171
vt 0.084322 0.661498
vt 0.076313 0.195317
vt 0.113375 0.659482
vt 0.047983 0.187394
vt 0.141092 0.656188
vt 0.023114 0.180450
vt 0.166407 0.651744
vt 0.002662 0.174750
vt 0.506617 0.170577
vt 0.481540 0.175787
vt 0.000753 0.693093
vt 0.023363 0.659391
vt 0.452886 0.181727
vt 0.038221 0.661451
vt 0.141092 0.617993
vt 0.166407 0.619261
vt -0.000000 0.212855
vt 0.506617 0.203061
vt 0.481540 0.201309
vt 0.000000 0.656046
vt 0.023363 0.616950
vt 0.452886 0.199308
vt 0.038221 0.616396
vt 0.421757 0.197133
vt 0.055050 0.616221
vt 0.106390 0.212855
vt 0.084322 0.616443
vt 0.075088 0.212855
vt 0.113375 0.617041
vt 0.046204 0.212855
vt 0.020850 0.212855
vt 0.420511 0.206009
vt 0.085210 0.571766
vt 0.107015 0.221796
vt 0.076313 0.230393
vt 0.114211 0.574956
vt 0.047983 0.238316
vt 0.141844 0.580117
vt 0.023114 0.245260
vt 0.167047 0.587051
vt 0.002662 0.250960
vt 0.477991 0.226584
vt 0.000753 0.579974
vt 0.024199 0.574865
vt 0.450442 0.216717
vt 0.039109 0.571719
vt 0.055955 0.570669
vt 0.502101 0.235230
vt 0.471031 0.250640
vt 0.002229 0.543875
vt 0.025840 0.534753
vt 0.445647 0.233287
vt 0.040851 0.529136
vt 0.418067 0.214456
vt 0.057731 0.527252
vt 0.108865 0.230393
vt 0.086952 0.529183
vt 0.079941 0.247256
vt 0.115852 0.534844
vt 0.053250 0.262798
vt 0.143321 0.544017
vt 0.029818 0.276420
vt 0.168303 0.556350
vt 0.010545 0.287600
vt 0.111868 0.238316
vt 0.085833 0.262798
vt 0.118234 0.498247
vt 0.061803 0.285361
vt 0.145465 0.511080
vt 0.040704 0.305137
vt 0.170126 0.528340
vt 0.023346 0.321368
vt 0.493242 0.265847
vt 0.460926 0.272552
vt 0.004373 0.510938
vt 0.028222 0.498156
vt 0.438687 0.248380
vt 0.043379 0.490285
vt 0.414519 0.222150
vt 0.060309 0.487639
vt 0.089481 0.490331
vt 0.007102 0.482430
vt 0.031253 0.466479
vt 0.429828 0.261417
vt 0.046598 0.456657
vt 0.410003 0.228796
vt 0.063591 0.453353
vt 0.115910 0.245260
vt 0.092699 0.456704
vt 0.093761 0.276420
vt 0.121266 0.466570
vt 0.073314 0.305137
vt 0.148193 0.482572
vt 0.055355 0.330308
vt 0.496305 0.311118
vt 0.464012 0.317824
vt 0.480381 0.293736
vt 0.040573 0.350965
vt 0.448065 0.291478
vt 0.124831 0.441032
vt 0.103423 0.287600
vt 0.087341 0.321368
vt 0.151401 0.459588
vt 0.073207 0.350965
vt 0.477057 0.339443
vt 0.444764 0.337187
vt 0.061565 0.375255
vt 0.432942 0.306691
vt 0.029537 0.366315
vt 0.052862 0.393305
vt 0.419411 0.271896
vt 0.022738 0.375767
vt 0.047500 0.404419
vt 0.404692 0.234139
vt 0.613844 0.991294
vt 0.594756 0.962080
vt 0.611949 0.963517
vt 0.120836 0.250960
vt 0.096483 0.429592
vt 0.407836 0.279415
vt 0.577832 0.929522
vt 0.593375 0.932026
vt 0.398791 0.237972
vt 0.610541 0.932875
vt 0.126455 0.255194
vt 0.639890 0.932039
vt 0.641271 0.962092
vt 0.114445 0.295907
vt 0.668651 0.929546
vt 0.669952 0.957856
vt 0.103343 0.333428
vt 0.695720 0.925493
vt 0.696891 0.950971
vt 0.093574 0.366315
vt 0.454424 0.362211
vt 0.423377 0.351080
vt 0.085514 0.393305
vt 0.416138 0.317607
vt 0.579133 0.957832
vt 0.553365 0.925455
vt 0.126406 0.301022
vt 0.120706 0.340854
vt 0.694999 0.898611
vt 0.115673 0.375767
vt 0.429275 0.378548
vt 0.400672 0.358970
vt 0.111500 0.404419
vt 0.398299 0.323806
vt 0.552644 0.898573
vt 0.577031 0.899652
vt 0.395549 0.283685
vt 0.592525 0.900317
vt 0.392527 0.240148
vt 0.609674 0.900544
vt 0.132552 0.257802
vt 0.639039 0.900329
vt 0.667850 0.899677
vt 0.576761 0.869370
vt 0.592238 0.868170
vt 0.386140 0.240585
vt 0.609382 0.867768
vt 0.138893 0.258683
vt 0.638752 0.868183
vt 0.138844 0.302750
vt 0.667580 0.869395
vt 0.138764 0.343362
vt 0.694756 0.871359
vt 0.138656 0.378959
vt 0.402577 0.387825
vt 0.377523 0.360552
vt 0.138525 0.408172
vt 0.380111 0.325049
vt 0.552400 0.871320
vt 0.383021 0.284541
vt 0.667850 0.839865
vt 0.694999 0.844782
vt 0.161639 0.375767
vt 0.348659 0.384058
vt 0.354818 0.355767
vt 0.165550 0.404419
vt 0.362272 0.321289
vt 0.577031 0.839841
vt 0.370733 0.281951
vt 0.592525 0.836821
vt 0.379876 0.239265
vt 0.609674 0.835805
vt 0.145234 0.257802
vt 0.639039 0.836834
vt 0.151282 0.301022
vt 0.156821 0.340854
vt 0.359158 0.276015
vt 0.373976 0.236238
vt 0.610541 0.805884
vt 0.151331 0.255194
vt 0.639890 0.807488
vt 0.163242 0.295907
vt 0.668651 0.812222
vt 0.174185 0.333428
vt 0.695720 0.819904
vt 0.183739 0.366315
vt 0.323510 0.371160
vt 0.333431 0.344797
vt 0.191536 0.393305
vt 0.345468 0.312671
vt 0.552644 0.844744
vt 0.577832 0.812197
vt 0.593375 0.807475
vt 0.300877 0.351486
vt 0.314183 0.328066
vt 0.215486 0.375255
vt 0.330345 0.299525
vt 0.223889 0.393305
vt 0.197279 0.413360
vt 0.348741 0.266960
vt 0.229062 0.404419
vt 0.200812 0.425710
vt 0.368665 0.231622
vt 0.611949 0.779155
vt 0.156951 0.250960
vt 0.641271 0.781272
vt 0.174265 0.287600
vt 0.669952 0.787527
vt 0.190187 0.321368
vt 0.696891 0.797680
vt 0.204106 0.350965
vt 0.161876 0.245260
vt 0.364149 0.225593
vt 0.664050 0.775561
vt 0.634534 0.748080
vt 0.663710 0.745083
vt 0.183926 0.276420
vt 0.692159 0.764896
vt 0.691838 0.736187
vt 0.204213 0.305137
vt 0.718128 0.747570
vt 0.717840 0.721732
vt 0.221958 0.330308
vt 0.281629 0.325792
vt 0.297814 0.306215
vt 0.236477 0.350965
vt 0.317484 0.282357
vt 0.575475 0.747518
vt 0.600830 0.736154
vt 0.601151 0.764863
vt 0.339882 0.255134
vt 0.617098 0.745066
vt 0.617438 0.775544
vt 0.634881 0.779155
vt 0.253705 0.321368
vt 0.284953 0.280084
vt 0.307379 0.261826
vt 0.575186 0.721681
vt 0.600578 0.701887
vt 0.332922 0.240992
vt 0.616831 0.708689
vt 0.360600 0.218384
vt 0.634261 0.710990
vt 0.165918 0.238316
vt 0.663442 0.708706
vt 0.191855 0.262798
vt 0.691587 0.701920
vt 0.215724 0.285361
vt 0.717613 0.690893
vt 0.236608 0.305137
vt 0.266506 0.295065
vt 0.634073 0.669311
vt 0.663258 0.667827
vt 0.197747 0.247256
vt 0.691413 0.663413
vt 0.224278 0.262798
vt 0.717457 0.656238
vt 0.247495 0.276420
vt 0.740521 0.676049
vt 0.740388 0.646578
vt 0.266506 0.287600
vt 0.276094 0.250678
vt 0.300419 0.238722
vt 0.574960 0.690842
vt 0.600405 0.663380
vt 0.328128 0.225078
vt 0.616646 0.667811
vt 0.358156 0.210271
vt 0.168922 0.230393
vt 0.271578 0.219127
vt 0.296870 0.213932
vt 0.574804 0.656186
vt 0.600316 0.622113
vt 0.325684 0.208003
vt 0.616552 0.624002
vt 0.356910 0.201566
vt 0.633977 0.624644
vt 0.170771 0.221796
vt 0.663164 0.624019
vt 0.201375 0.230393
vt 0.691325 0.622146
vt 0.229545 0.238316
vt 0.717377 0.619099
vt 0.254199 0.245260
vt 0.740320 0.614993
vt 0.552468 0.646509
vt 0.574724 0.619047
vt 0.202600 0.212855
vt 0.663164 0.578963
vt 0.691325 0.579705
vt 0.231323 0.212855
vt 0.717377 0.580903
vt 0.256462 0.212855
vt 0.740320 0.582510
vt 0.552400 0.614925
vt 0.574724 0.580851
vt 0.271578 0.186643
vt 0.296870 0.188409
vt 0.600316 0.579672
vt 0.325684 0.190422
vt 0.616552 0.578946
vt 0.356910 0.192603
vt 0.633977 0.578705
vt 0.171396 0.212855
vt 0.574804 0.543065
vt 0.600405 0.537687
vt 0.328128 0.173013
vt 0.616646 0.534375
vt 0.358156 0.183728
vt 0.634073 0.533261
vt 0.170771 0.203914
vt 0.663258 0.534392
vt 0.201375 0.195317
vt 0.691413 0.537720
vt 0.229545 0.187394
vt 0.717457 0.543117
vt 0.254199 0.180450
vt 0.740388 0.550376
vt 0.552468 0.550308
vt 0.300419 0.163135
vt 0.691587 0.497805
vt 0.197747 0.178454
vt 0.224278 0.162912
vt 0.717613 0.507195
vt 0.247495 0.149290
vt 0.740521 0.519826
vt 0.552601 0.519758
vt 0.574960 0.507143
vt 0.276094 0.154474
vt 0.307379 0.139079
vt 0.600578 0.497772
vt 0.332922 0.156443
vt 0.616831 0.492002
vt 0.360600 0.175281
vt 0.634261 0.490058
vt 0.168922 0.195317
vt 0.663442 0.492019
vt 0.339882 0.141349
vt 0.600830 0.461461
vt 0.617098 0.453454
vt 0.364149 0.167586
vt 0.634534 0.450755
vt 0.165918 0.187394
vt 0.663710 0.453471
vt 0.191855 0.162912
vt 0.691839 0.461494
vt 0.215724 0.140349
vt 0.717840 0.474515
vt 0.236608 0.120573
vt 0.266506 0.111362
vt 0.297814 0.095968
vt 0.284953 0.123857
vt 0.266506 0.138110
vt 0.253705 0.104342
vt 0.317484 0.117167
vt 0.575186 0.474464
vt 0.718128 0.446336
vt 0.204213 0.120573
vt 0.221958 0.095402
vt 0.281629 0.078568
vt 0.314183 0.071880
vt 0.236477 0.074745
vt 0.330345 0.098241
vt 0.575475 0.446284
vt 0.601151 0.430149
vt 0.348741 0.128313
vt 0.617438 0.420214
vt 0.368665 0.160940
vt 0.634881 0.416863
vt 0.161876 0.180450
vt 0.664050 0.420231
vt 0.183926 0.149290
vt 0.692159 0.430182
vt 0.373976 0.155598
vt 0.617839 0.393558
vt 0.635289 0.389685
vt 0.156951 0.174750
vt 0.664450 0.393575
vt 0.174265 0.138110
vt 0.692536 0.405073
vt 0.190187 0.104343
vt 0.718468 0.423738
vt 0.204106 0.074745
vt 0.300877 0.050243
vt 0.333431 0.052517
vt 0.215486 0.050455
vt 0.345468 0.083027
vt 0.247214 0.059395
vt 0.223890 0.032405
vt 0.359158 0.117834
vt 0.601528 0.405040
vt 0.174185 0.092282
vt 0.183739 0.059395
vt 0.323510 0.027474
vt 0.354818 0.038623
vt 0.191537 0.032405
vt 0.362272 0.072112
vt 0.197279 0.012350
vt 0.370733 0.110315
vt 0.229062 0.021291
vt 0.200812 0.000000
vt 0.379876 0.151765
vt 0.084942 0.815638
vt 0.103516 0.843958
vt 0.086350 0.842367
vt 0.151331 0.170516
vt 0.057001 0.843970
vt 0.055620 0.817755
vt 0.163242 0.129803
vt 0.028240 0.848704
vt 0.026939 0.824010
vt 0.001171 0.856387
vt 0.000000 0.834162
vt 0.104366 0.873304
vt 0.087217 0.872288
vt 0.145234 0.167908
vt 0.386140 0.149588
vt 0.057852 0.873316
vt 0.151282 0.124688
vt 0.029041 0.876348
vt 0.156821 0.084856
vt 0.001892 0.881265
vt 0.161639 0.049943
vt 0.348659 0.011138
vt 0.377523 0.030734
vt 0.165550 0.021291
vt 0.380111 0.065913
vt 0.119059 0.848680
vt 0.144247 0.881226
vt 0.119860 0.876323
vt 0.383021 0.106045
vt 0.375356 0.001861
vt 0.468823 0.677727
vt 0.943297 0.396878
vt 0.942838 0.684266
vt 0.995048 0.000354
vt 0.663644 0.285903
vt 0.635486 0.285903
vt 0.607868 0.280409
vt 0.581854 0.269633
vt 0.558441 0.253989
vt 0.538530 0.234078
vt 0.522886 0.210665
vt 0.512111 0.184649
vt 0.506617 0.157032
vt 0.506617 0.128873
vt 0.512111 0.101255
vt 0.522886 0.075239
vt 0.538530 0.051826
vt 0.558441 0.031914
vt 0.581854 0.016270
vt 0.635486 0.000000
vt 0.663644 -0.000000
vt 0.691261 0.005493
vt 0.717276 0.016269
vt 0.740688 0.031913
vt 0.760599 0.051825
vt 0.776243 0.075238
vt 0.792512 0.128871
vt 0.792512 0.157030
vt 0.787019 0.184648
vt 0.776243 0.210663
vt 0.760599 0.234077
vt 0.740688 0.253988
vt 0.717276 0.269633
vt 0.423532 0.389685
vt 0.451149 0.395179
vt 0.477164 0.405955
vt 0.500577 0.421599
vt 0.520487 0.441510
vt 0.536131 0.464923
vt 0.546907 0.490939
vt 0.552400 0.518556
vt 0.552400 0.546715
vt 0.546907 0.574333
vt 0.536131 0.600349
vt 0.520487 0.623762
vt 0.500577 0.643674
vt 0.477164 0.659318
vt 0.451149 0.670094
vt 0.395374 0.675588
vt 0.367757 0.670095
vt 0.341742 0.659319
vt 0.318329 0.643675
vt 0.298419 0.623763
vt 0.282775 0.600350
vt 0.271999 0.574335
vt 0.266506 0.518558
vt 0.271999 0.490940
vt 0.282775 0.464925
vt 0.298419 0.441511
vt 0.318329 0.421600
vt 0.341742 0.405955
vt 0.367757 0.395179
vt 0.402577 0.000000
vt 0.142356 0.987415
vt 0.000000 0.617850
vt 0.596615 0.989322
vt 0.067449 0.425710
vt 0.554535 0.950933
vt 0.375356 0.389685
vt 0.553365 0.819866
vt 0.594756 0.781260
vt 0.552400 0.582442
vt 0.102135 0.817742
vt 0.143526 0.856348
s 1
f 2/1/2 3/2/3 1/3/1
f 4/4/4 5/5/5 3/2/3
f 6/6/6 7/7/7 5/5/5
f 8/8/8 9/9/9 7/7/7
f 10/10/10 11/11/11 9/12/9
f 12/13/12 13/14/13 11/11/11
f 14/15/14 15/16/15 13/14/13
f 16/17/16 17/18/17 15/16/15
f 18/19/18 19/20/19 17/18/17
f 20/21/20 21/22/21 19/20/19
f 22/23/22 23/24/23 21/22/21
f 24/25/24 25/26/25 23/24/23
f 26/27/26 27/28/27 25/29/25
f 28/30/28 29/31/29 27/28/27
f 30/32/30 31/33/31 29/31/29
f 32/34/32 33/35/33 31/33/31
f 34/36/34 35/37/35 33/35/33
f 36/38/36 37/39/37 35/37/35
f 38/40/38 39/41/39 37/39/37
f 40/42/40 41/43/41 39/41/39
f 42/44/42 43/45/43 41/46/41
f 44/47/44 45/48/45 43/45/43
f 46/49/46 47/50/47 45/48/45
f 48/51/48 49/52/49 47/50/47
f 50/53/50 51/54/51 49/52/49
f 52/55/52 53/56/53 51/54/51
f 54/57/54 55/58/55 53/56/53
f 56/59/56 57/60/57 55/58/55
f 58/61/58 59/62/59 57/63/57
f 60/64/60 61/65/61 59/62/59
f 38/66/38 22/67/22 6/68/6
f 62/69/62 63/70/63 61/65/61
f 64/71/64 1/3/1 63/70/63
f 31/72/31 47/73/47 63/74/63
f 65/75/65 74/76/74 540/77/540
f 543/78/543 81/79/81 82/80/82
f 540/77/540 75/81/75 66/82/66
f 544/83/544 82/80/82 83/84/83
f 66/85/66 76/86/76 541/87/541
f 545/88/545 83/84/83 84/89/84
f 541/87/541 77/90/77 67/91/67
f 546/92/546 84/89/84 85/93/85
f 67/91/67 78/94/78 68/95/68
f 538/96/538 146/97/146 71/98/71
f 372/99/372 546/92/546 85/93/85
f 69/100/69 78/94/78 79/101/79
f 538/96/538 72/102/72 539/103/539
f 542/104/542 79/101/79 80/105/80
f 539/103/539 73/106/73 65/75/65
f 70/107/70 80/105/80 81/108/81
f 72/102/72 88/109/88 73/106/73
f 81/108/81 95/110/95 96/111/96
f 73/106/73 89/112/89 74/76/74
f 82/80/82 96/113/96 97/114/97
f 74/76/74 90/115/90 75/81/75
f 83/84/83 97/114/97 98/116/98
f 75/117/75 91/118/91 76/86/76
f 84/89/84 98/116/98 99/119/99
f 76/86/76 92/120/92 77/90/77
f 85/93/85 99/119/99 100/121/100
f 77/90/77 93/122/93 78/94/78
f 71/98/71 146/97/146 86/123/86
f 372/99/372 85/93/85 100/121/100
f 79/101/79 93/122/93 94/124/94
f 71/98/71 87/125/87 72/102/72
f 80/105/80 94/124/94 95/110/95
f 91/118/91 107/126/107 92/120/92
f 100/121/100 114/127/114 115/128/115
f 92/120/92 108/129/108 93/122/93
f 86/123/86 146/97/146 101/130/101
f 372/99/372 100/121/100 115/128/115
f 94/124/94 108/129/108 109/131/109
f 86/123/86 102/132/102 87/125/87
f 95/110/95 109/131/109 110/133/110
f 87/125/87 103/134/103 88/109/88
f 96/111/96 110/133/110 111/135/111
f 88/109/88 104/136/104 89/112/89
f 97/114/97 111/137/111 112/138/112
f 89/112/89 105/139/105 90/115/90
f 98/116/98 112/138/112 113/140/113
f 90/141/90 106/142/106 91/118/91
f 99/119/99 113/140/113 114/127/114
f 111/143/111 125/144/125 126/145/126
f 103/134/103 119/146/119 104/136/104
f 112/138/112 126/147/126 127/148/127
f 104/136/104 120/149/120 105/139/105
f 113/140/113 127/148/127 128/150/128
f 105/139/105 121/151/121 106/152/106
f 114/127/114 128/150/128 129/153/129
f 106/152/106 122/154/122 107/155/107
f 115/128/115 129/153/129 130/156/130
f 107/157/107 123/158/123 108/159/108
f 101/130/101 146/97/146 116/160/116
f 372/99/372 115/128/115 130/156/130
f 109/161/109 123/158/123 124/162/124
f 101/130/101 117/163/117 102/132/102
f 110/164/110 124/162/124 125/144/125
f 102/132/102 118/165/118 103/134/103
f 130/156/130 144/166/144 145/167/145
f 122/168/122 138/169/138 123/158/123
f 116/160/116 146/97/146 131/170/131
f 372/99/372 130/156/130 145/167/145
f 124/162/124 138/169/138 139/171/139
f 116/160/116 132/172/132 117/163/117
f 125/144/125 139/171/139 140/173/140
f 117/163/117 133/174/133 118/165/118
f 126/145/126 140/173/140 141/175/141
f 118/165/118 134/176/134 119/146/119
f 127/177/127 141/175/141 142/178/142
f 119/146/119 135/179/135 120/149/120
f 128/150/128 142/180/142 143/181/143
f 120/182/120 136/183/136 121/184/121
f 129/153/129 143/181/143 144/166/144
f 121/184/121 137/185/137 122/168/122
f 133/174/133 150/186/150 134/176/134
f 142/178/142 157/187/157 158/188/158
f 134/176/134 151/189/151 135/179/135
f 143/181/143 158/190/158 159/191/159
f 135/192/135 152/193/152 136/183/136
f 144/166/144 159/191/159 160/194/160
f 136/183/136 153/195/153 137/185/137
f 145/167/145 160/194/160 161/196/161
f 137/185/137 154/197/154 138/169/138
f 131/170/131 146/97/146 147/198/147
f 372/99/372 145/167/145 161/196/161
f 139/171/139 154/197/154 155/199/155
f 131/170/131 148/200/148 132/172/132
f 140/173/140 155/199/155 156/201/156
f 132/172/132 149/202/149 133/174/133
f 141/175/141 156/201/156 157/187/157
f 153/195/153 169/203/169 154/197/154
f 147/198/147 146/97/146 162/204/162
f 372/99/372 161/196/161 176/205/176
f 155/199/155 169/203/169 170/206/170
f 147/198/147 163/207/163 148/200/148
f 156/201/156 170/206/170 171/208/171
f 148/200/148 164/209/164 149/202/149
f 157/187/157 171/208/171 172/210/172
f 149/202/149 165/211/165 150/186/150
f 158/188/158 172/210/172 173/212/173
f 150/186/150 166/213/166 151/189/151
f 159/191/159 173/214/173 174/215/174
f 151/216/151 167/217/167 152/193/152
f 160/194/160 174/215/174 175/218/175
f 152/193/152 168/219/168 153/195/153
f 161/196/161 175/218/175 176/205/176
f 173/212/173 187/220/187 188/221/188
f 165/211/165 181/222/181 166/213/166
f 174/215/174 188/223/188 189/224/189
f 166/225/166 182/226/182 167/217/167
f 175/218/175 189/224/189 190/227/190
f 167/217/167 183/228/183 168/219/168
f 176/205/176 190/227/190 191/229/191
f 168/219/168 184/230/184 169/203/169
f 162/204/162 146/97/146 177/231/177
f 372/99/372 176/205/176 191/229/191
f 170/206/170 184/230/184 185/232/185
f 162/204/162 178/233/178 163/207/163
f 171/208/171 185/232/185 186/234/186
f 163/207/163 179/235/179 164/209/164
f 172/210/172 186/234/186 187/220/187
f 164/209/164 180/236/180 165/211/165
f 372/99/372 191/229/191 206/237/206
f 184/230/184 200/238/200 185/232/185
f 178/233/178 192/239/192 193/240/193
f 185/232/185 201/241/201 186/234/186
f 179/235/179 193/240/193 194/242/194
f 186/234/186 202/243/202 187/220/187
f 180/236/180 194/242/194 195/244/195
f 187/220/187 203/245/203 188/221/188
f 181/222/181 195/244/195 196/246/196
f 188/223/188 204/247/204 189/224/189
f 182/226/182 196/248/196 197/249/197
f 189/224/189 205/250/205 190/227/190
f 183/228/183 197/249/197 198/251/198
f 190/227/190 206/237/206 191/229/191
f 184/230/184 198/251/198 199/252/199
f 177/231/177 146/97/146 192/239/192
f 203/253/203 219/254/219 204/247/204
f 197/249/197 211/255/211 212/256/212
f 204/247/204 220/257/220 205/250/205
f 198/251/198 212/256/212 213/258/213
f 205/250/205 221/259/221 206/237/206
f 199/252/199 213/258/213 214/260/214
f 192/239/192 146/97/146 207/261/207
f 372/99/372 206/237/206 221/259/221
f 199/252/199 215/262/215 200/238/200
f 193/240/193 207/261/207 208/263/208
f 200/238/200 216/264/216 201/241/201
f 194/242/194 208/263/208 209/265/209
f 201/241/201 217/266/217 202/243/202
f 195/244/195 209/265/209 210/267/210
f 202/243/202 218/268/218 203/245/203
f 196/246/196 210/267/210 211/269/211
f 208/263/208 222/270/222 223/271/223
f 215/262/215 231/272/231 216/264/216
f 209/265/209 223/271/223 224/273/224
f 216/264/216 232/274/232 217/266/217
f 210/267/210 224/273/224 225/275/225
f 217/266/217 233/276/233 218/268/218
f 211/269/211 225/275/225 226/277/226
f 218/278/218 234/279/234 219/254/219
f 212/256/212 226/280/226 227/281/227
f 219/254/219 235/282/235 220/257/220
f 213/258/213 227/281/227 228/283/228
f 220/257/220 236/284/236 221/259/221
f 214/260/214 228/283/228 229/285/229
f 207/261/207 146/97/146 222/270/222
f 372/99/372 221/259/221 236/284/236
f 214/260/214 230/286/230 215/262/215
f 227/281/227 241/287/241 242/288/242
f 234/279/234 250/289/250 235/282/235
f 228/283/228 242/288/242 243/290/243
f 235/282/235 251/291/251 236/284/236
f 229/285/229 243/290/243 244/292/244
f 222/270/222 146/97/146 237/293/237
f 372/99/372 236/284/236 251/291/251
f 229/285/229 245/294/245 230/286/230
f 223/271/223 237/293/237 238/295/238
f 230/286/230 246/296/246 231/272/231
f 224/273/224 238/295/238 239/297/239
f 231/272/231 247/298/247 232/274/232
f 225/275/225 239/297/239 240/299/240
f 232/300/232 248/301/248 233/302/233
f 226/277/226 240/299/240 241/303/241
f 233/302/233 249/304/249 234/279/234
f 245/294/245 261/305/261 246/296/246
f 239/297/239 253/306/253 254/307/254
f 246/296/246 262/308/262 247/298/247
f 240/299/240 254/307/254 255/309/255
f 247/310/247 263/311/263 248/301/248
f 241/303/241 255/309/255 256/312/256
f 248/301/248 264/313/264 249/304/249
f 242/314/242 256/312/256 257/315/257
f 249/304/249 265/316/265 250/289/250
f 243/317/243 257/315/257 258/318/258
f 250/289/250 266/319/266 251/291/251
f 244/320/244 258/321/258 259/322/259
f 237/293/237 146/97/146 252/323/252
f 372/99/372 251/291/251 266/319/266
f 244/292/244 260/324/260 245/294/245
f 238/295/238 252/323/252 253/306/253
f 264/313/264 280/325/280 265/316/265
f 258/321/258 272/326/272 273/327/273
f 265/316/265 281/328/281 266/319/266
f 259/322/259 273/327/273 274/329/274
f 252/323/252 146/97/146 267/330/267
f 372/99/372 266/319/266 281/328/281
f 259/322/259 275/331/275 260/332/260
f 253/306/253 267/330/267 268/333/268
f 260/332/260 276/334/276 261/335/261
f 254/307/254 268/333/268 269/336/269
f 261/335/261 277/337/277 262/338/262
f 255/309/255 269/336/269 270/339/270
f 262/340/262 278/341/278 263/311/263
f 256/312/256 270/339/270 271/342/271
f 263/311/263 279/343/279 264/313/264
f 257/344/257 271/345/271 272/326/272
f 269/336/269 283/346/283 284/347/284
f 276/334/276 292/348/292 277/337/277
f 270/339/270 284/347/284 285/349/285
f 277/350/277 293/351/293 278/341/278
f 271/342/271 285/349/285 286/352/286
f 278/341/278 294/353/294 279/343/279
f 272/326/272 286/354/286 287/355/287
f 279/343/279 295/356/295 280/325/280
f 273/327/273 287/355/287 288/357/288
f 280/325/280 296/358/296 281/328/281
f 274/329/274 288/357/288 289/359/289
f 267/330/267 146/97/146 282/360/282
f 372/99/372 281/328/281 296/358/296
f 274/329/274 290/361/290 275/331/275
f 268/333/268 282/360/282 283/346/283
f 275/331/275 291/362/291 276/334/276
f 288/357/288 302/363/302 303/364/303
f 295/356/295 311/365/311 296/358/296
f 289/359/289 303/364/303 304/366/304
f 282/360/282 146/97/146 297/367/297
f 372/99/372 296/358/296 311/365/311
f 289/359/289 305/368/305 290/361/290
f 283/346/283 297/367/297 298/369/298
f 290/361/290 306/370/306 291/362/291
f 284/347/284 298/369/298 299/371/299
f 291/362/291 307/372/307 292/348/292
f 285/349/285 299/371/299 300/373/300
f 292/374/292 308/375/308 293/351/293
f 286/352/286 300/373/300 301/376/301
f 293/351/293 309/377/309 294/353/294
f 287/355/287 301/378/301 302/363/302
f 294/353/294 310/379/310 295/356/295
f 307/372/307 321/380/321 322/381/322
f 299/371/299 315/382/315 300/373/300
f 308/375/308 322/383/322 323/384/323
f 300/373/300 316/385/316 301/376/301
f 309/377/309 323/384/323 324/386/324
f 301/378/301 317/387/317 302/363/302
f 310/379/310 324/386/324 325/388/325
f 302/363/302 318/389/318 303/364/303
f 311/365/311 325/388/325 326/390/326
f 303/364/303 319/391/319 304/366/304
f 297/367/297 146/97/146 312/392/312
f 372/99/372 311/365/311 326/390/326
f 305/368/305 319/391/319 320/393/320
f 297/367/297 313/394/313 298/369/298
f 306/370/306 320/393/320 321/380/321
f 298/369/298 314/395/314 299/371/299
f 326/390/326 340/396/340 341/397/341
f 318/389/318 334/398/334 319/391/319
f 312/392/312 146/97/146 327/399/327
f 372/99/372 326/390/326 341/397/341
f 320/393/320 334/398/334 335/400/335
f 312/392/312 328/401/328 313/394/313
f 321/380/321 335/400/335 336/402/336
f 313/394/313 329/403/329 314/395/314
f 322/381/322 336/402/336 337/404/337
f 314/395/314 330/405/330 315/382/315
f 323/384/323 337/406/337 338/407/338
f 315/382/315 331/408/331 316/385/316
f 324/386/324 338/407/338 339/409/339
f 316/410/316 332/411/332 317/387/317
f 325/388/325 339/409/339 340/396/340
f 317/387/317 333/412/333 318/389/318
f 338/407/338 352/413/352 353/414/353
f 330/405/330 346/415/346 331/408/331
f 339/409/339 353/414/353 354/416/354
f 331/408/331 347/417/347 332/418/332
f 340/396/340 354/416/354 355/419/355
f 332/418/332 348/420/348 333/421/333
f 341/397/341 355/419/355 356/422/356
f 333/412/333 349/423/349 334/398/334
f 327/399/327 146/97/146 342/424/342
f 372/99/372 341/397/341 356/422/356
f 335/400/335 349/423/349 350/425/350
f 327/399/327 343/426/343 328/401/328
f 336/402/336 350/425/350 351/427/351
f 328/401/328 344/428/344 329/403/329
f 337/404/337 351/427/351 352/429/352
f 329/403/329 345/430/345 330/405/330
f 342/424/342 146/97/146 357/431/357
f 372/99/372 356/422/356 371/432/371
f 350/433/350 364/434/364 365/435/365
f 342/424/342 358/436/358 343/426/343
f 351/437/351 365/435/365 366/438/366
f 343/426/343 359/439/359 344/428/344
f 352/440/352 366/438/366 367/441/367
f 344/428/344 360/442/360 345/430/345
f 353/414/353 367/443/367 368/444/368
f 345/430/345 361/445/361 346/415/346
f 354/416/354 368/444/368 369/446/369
f 346/447/346 362/448/362 347/449/347
f 355/419/355 369/446/369 370/450/370
f 347/449/347 363/451/363 348/452/348
f 356/422/356 370/450/370 371/432/371
f 348/452/348 364/434/364 349/453/349
f 360/442/360 377/454/377 361/445/361
f 369/446/369 384/455/384 385/456/385
f 361/457/361 378/458/378 362/448/362
f 370/450/370 385/456/385 386/459/386
f 362/448/362 379/460/379 363/451/363
f 371/432/371 386/459/386 387/461/387
f 363/451/363 380/462/380 364/434/364
f 357/431/357 146/97/146 373/463/373
f 372/99/372 371/432/371 387/461/387
f 365/435/365 380/462/380 381/464/381
f 357/431/357 374/465/374 358/436/358
f 366/438/366 381/464/381 382/466/382
f 358/436/358 375/467/375 359/439/359
f 367/441/367 382/466/382 383/468/383
f 359/439/359 376/469/376 360/442/360
f 368/444/368 383/470/383 384/455/384
f 381/464/381 395/471/395 396/472/396
f 373/463/373 389/473/389 374/465/374
f 382/466/382 396/472/396 397/474/397
f 374/465/374 390/475/390 375/467/375
f 383/468/383 397/474/397 398/476/398
f 375/467/375 391/477/391 376/469/376
f 384/478/384 398/476/398 399/479/399
f 376/469/376 392/480/392 377/454/377
f 385/456/385 399/481/399 400/482/400
f 377/483/377 393/484/393 378/458/378
f 386/459/386 400/482/400 401/485/401
f 378/458/378 394/486/394 379/460/379
f 387/461/387 401/485/401 402/487/402
f 379/460/379 395/471/395 380/462/380
f 373/463/373 146/97/146 388/488/388
f 372/99/372 387/461/387 402/487/402
f 400/482/400 414/489/414 415/490/415
f 392/491/392 408/492/408 393/484/393
f 401/485/401 415/490/415 416/493/416
f 393/484/393 409/494/409 394/486/394
f 402/487/402 416/493/416 417/495/417
f 394/486/394 410/496/410 395/471/395
f 388/488/388 146/97/146 403/497/403
f 372/99/372 402/487/402 417/495/417
f 396/472/396 410/496/410 411/498/411
f 388/488/388 404/499/404 389/473/389
f 397/474/397 411/498/411 412/500/412
f 389/473/389 405/501/405 390/475/390
f 398/476/398 412/500/412 413/502/413
f 390/475/390 406/503/406 391/477/391
f 399/479/399 413/502/413 414/504/414
f 391/505/391 407/506/407 392/491/392
f 403/497/403 419/507/419 404/499/404
f 412/500/412 426/508/426 427/509/427
f 404/499/404 420/510/420 405/501/405
f 413/502/413 427/509/427 428/511/428
f 405/501/405 421/512/421 406/503/406
f 414/504/414 428/511/428 429/513/429
f 406/514/406 422/515/422 407/506/407
f 415/490/415 429/516/429 430/517/430
f 407/506/407 423/518/423 408/492/408
f 416/493/416 430/517/430 431/519/431
f 408/492/408 424/520/424 409/494/409
f 417/495/417 431/519/431 432/521/432
f 409/494/409 425/522/425 410/496/410
f 403/497/403 146/97/146 418/523/418
f 372/99/372 417/495/417 432/521/432
f 411/498/411 425/522/425 426/508/426
f 423/518/423 437/524/437 438/525/438
f 430/517/430 446/526/446 431/519/431
f 424/520/424 438/525/438 439/527/439
f 431/519/431 447/528/447 432/521/432
f 425/522/425 439/527/439 440/529/440
f 418/523/418 146/97/146 433/530/433
f 372/99/372 432/521/432 447/528/447
f 425/522/425 441/531/441 426/508/426
f 419/507/419 433/530/433 434/532/434
f 426/508/426 442/533/442 427/509/427
f 420/510/420 434/532/434 435/534/435
f 427/509/427 443/535/443 428/511/428
f 421/512/421 435/534/435 436/536/436
f 428/511/428 444/537/444 429/513/429
f 422/515/422 436/538/436 437/524/437
f 429/516/429 445/539/445 430/517/430
f 441/531/441 457/540/457 442/533/442
f 435/534/435 449/541/449 450/542/450
f 442/533/442 458/543/458 443/535/443
f 436/536/436 450/542/450 451/544/451
f 443/535/443 459/545/459 444/537/444
f 437/524/437 451/546/451 452/547/452
f 444/548/444 460/549/460 445/539/445
f 438/525/438 452/547/452 453/550/453
f 445/539/445 461/551/461 446/526/446
f 439/527/439 453/550/453 454/552/454
f 446/526/446 462/553/462 447/528/447
f 440/529/440 454/552/454 455/554/455
f 433/530/433 146/97/146 448/555/448
f 372/99/372 447/528/447 462/553/462
f 440/529/440 456/556/456 441/531/441
f 434/532/434 448/555/448 449/541/449
f 460/549/460 476/557/476 461/551/461
f 454/552/454 468/558/468 469/559/469
f 461/551/461 477/560/477 462/553/462
f 455/554/455 469/559/469 470/561/470
f 448/555/448 146/97/146 463/562/463
f 372/99/372 462/553/462 477/560/477
f 455/554/455 471/563/471 456/556/456
f 449/541/449 463/562/463 464/564/464
f 456/556/456 472/565/472 457/540/457
f 450/542/450 464/564/464 465/566/465
f 457/540/457 473/567/473 458/543/458
f 451/544/451 465/566/465 466/568/466
f 458/569/458 474/570/474 459/571/459
f 452/572/452 466/568/466 467/573/467
f 459/571/459 475/574/475 460/549/460
f 453/550/453 467/575/467 468/558/468
f 472/565/472 488/576/488 473/567/473
f 466/568/466 480/577/480 481/578/481
f 473/579/473 489/580/489 474/570/474
f 467/573/467 481/578/481 482/581/482
f 474/570/474 490/582/490 475/574/475
f 468/558/468 482/583/482 483/584/483
f 475/574/475 491/585/491 476/557/476
f 469/559/469 483/584/483 484/586/484
f 476/557/476 492/587/492 477/560/477
f 470/561/470 484/586/484 485/588/485
f 463/562/463 146/97/146 478/589/478
f 372/99/372 477/560/477 492/587/492
f 470/561/470 486/590/486 471/563/471
f 464/564/464 478/589/478 479/591/479
f 471/563/471 487/592/487 472/565/472
f 465/566/465 479/591/479 480/577/480
f 491/585/491 507/593/507 492/587/492
f 485/588/485 499/594/499 500/595/500
f 478/589/478 146/97/146 493/596/493
f 372/99/372 492/587/492 507/593/507
f 485/588/485 501/597/501 486/590/486
f 479/591/479 493/596/493 494/598/494
f 486/590/486 502/599/502 487/592/487
f 480/577/480 494/598/494 495/600/495
f 487/592/487 503/601/503 488/576/488
f 481/578/481 495/600/495 496/602/496
f 488/603/488 504/604/504 489/580/489
f 482/581/482 496/602/496 497/605/497
f 489/580/489 505/606/505 490/582/490
f 483/607/483 497/605/497 498/608/498
f 490/582/490 506/609/506 491/585/491
f 484/586/484 498/610/498 499/594/499
f 496/602/496 510/611/510 511/612/511
f 503/613/503 519/614/519 504/604/504
f 497/605/497 511/612/511 512/615/512
f 504/604/504 520/616/520 505/606/505
f 498/608/498 512/615/512 513/617/513
f 505/606/505 521/618/521 506/609/506
f 499/619/499 513/617/513 514/620/514
f 506/609/506 522/621/522 507/593/507
f 500/622/500 514/623/514 515/624/515
f 493/596/493 146/97/146 508/625/508
f 372/99/372 507/593/507 522/621/522
f 500/622/500 516/626/516 501/627/501
f 494/598/494 508/625/508 509/628/509
f 501/627/501 517/629/517 502/630/502
f 495/600/495 509/628/509 510/611/510
f 502/630/502 518/631/518 503/632/503
f 515/624/515 529/633/529 530/634/530
f 508/625/508 146/97/146 523/635/523
f 372/99/372 522/621/522 537/636/537
f 515/624/515 531/637/531 516/626/516
f 509/628/509 523/635/523 524/638/524
f 516/626/516 532/639/532 517/629/517
f 510/611/510 524/638/524 525/640/525
f 517/629/517 533/641/533 518/631/518
f 511/612/511 525/640/525 526/642/526
f 518/643/518 534/644/534 519/614/519
f 512/615/512 526/642/526 527/645/527
f 519/614/519 535/646/535 520/616/520
f 513/647/513 527/648/527 528/649/528
f 520/616/520 536/650/536 521/618/521
f 514/623/514 528/649/528 529/633/529
f 521/618/521 537/636/537 522/621/522
f 533/651/533 543/78/543 534/644/534
f 527/645/527 540/77/540 66/82/66
f 534/644/534 544/83/544 535/646/535
f 528/649/528 66/85/66 541/87/541
f 535/646/535 545/88/545 536/650/536
f 529/633/529 541/87/541 67/91/67
f 536/650/536 546/92/546 537/636/537
f 530/634/530 67/91/67 68/95/68
f 523/635/523 146/97/146 538/96/538
f 372/99/372 537/636/537 546/92/546
f 530/634/530 69/100/69 531/637/531
f 524/638/524 538/96/538 539/103/539
f 531/637/531 542/104/542 532/639/532
f 525/640/525 539/103/539 65/75/65
f 532/639/532 70/107/70 533/641/533
f 526/642/526 65/75/65 540/77/540
f 2/1/2 4/4/4 3/2/3
f 4/4/4 6/6/6 5/5/5
f 6/6/6 8/8/8 7/7/7
f 8/8/8 10/652/10 9/9/9
f 10/10/10 12/13/12 11/11/11
f 12/13/12 14/15/14 13/14/13
f 14/15/14 16/17/16 15/16/15
f 16/17/16 18/19/18 17/18/17
f 18/19/18 20/21/20 19/20/19
f 20/21/20 22/23/22 21/22/21
f 22/23/22 24/25/24 23/24/23
f 24/25/24 26/653/26 25/26/25
f 26/27/26 28/30/28 27/28/27
f 28/30/28 30/32/30 29/31/29
f 30/32/30 32/34/32 31/33/31
f 32/34/32 34/36/34 33/35/33
f 34/36/34 36/38/36 35/37/35
f 36/38/36 38/40/38 37/39/37
f 38/40/38 40/42/40 39/41/39
f 40/42/40 42/654/42 41/43/41
f 42/44/42 44/47/44 43/45/43
f 44/47/44 46/49/46 45/48/45
f 46/49/46 48/51/48 47/50/47
f 48/51/48 50/53/50 49/52/49
f 50/53/50 52/55/52 51/54/51
f 52/55/52 54/57/54 53/56/53
f 54/57/54 56/59/56 55/58/55
f 56/59/56 58/655/58 57/60/57
f 58/61/58 60/64/60 59/62/59
f 60/64/60 62/69/62 61/65/61
f 6/68/6 4/656/4 2/657/2
f 2/657/2 64/658/64 62/659/62
f 62/659/62 60/660/60 58/661/58
f 58/661/58 56/662/56 54/663/54
f 54/663/54 52/664/52 50/665/50
f 50/665/50 48/666/48 46/667/46
f 46/667/46 44/668/44 42/669/42
f 42/669/42 40/670/40 38/66/38
f 38/66/38 36/671/36 34/672/34
f 34/672/34 32/673/32 30/674/30
f 30/674/30 28/675/28 26/676/26
f 26/676/26 24/677/24 22/67/22
f 22/67/22 20/678/20 18/679/18
f 18/679/18 16/680/16 14/681/14
f 14/681/14 12/682/12 10/683/10
f 10/683/10 8/684/8 6/68/6
f 6/68/6 2/657/2 62/659/62
f 62/659/62 58/661/58 54/663/54
f 54/663/54 50/665/50 46/667/46
f 46/667/46 42/669/42 38/66/38
f 38/66/38 34/672/34 30/674/30
f 30/674/30 26/676/26 22/67/22
f 22/67/22 18/679/18 14/681/14
f 14/681/14 10/683/10 6/68/6
f 6/68/6 62/659/62 54/663/54
f 54/663/54 46/667/46 38/66/38
f 38/66/38 30/674/30 22/67/22
f 22/67/22 14/681/14 6/68/6
f 6/68/6 54/663/54 38/66/38
f 62/69/62 64/71/64 63/70/63
f 64/71/64 2/1/2 1/3/1
f 63/74/63 1/685/1 3/686/3
f 3/686/3 5/687/5 7/688/7
f 7/688/7 9/689/9 11/690/11
f 11/690/11 13/691/13 15/692/15
f 15/692/15 17/693/17 19/694/19
f 19/694/19 21/695/21 23/696/23
f 23/696/23 25/697/25 27/698/27
f 27/698/27 29/699/29 31/72/31
f 31/72/31 33/700/33 35/701/35
f 35/701/35 37/702/37 39/703/39
f 39/703/39 41/704/41 43/705/43
f 43/705/43 45/706/45 47/73/47
f 47/73/47 49/707/49 51/708/51
f 51/708/51 53/709/53 55/710/55
f 55/710/55 57/711/57 59/712/59
f 59/712/59 61/713/61 63/74/63
f 63/74/63 3/686/3 7/688/7
f 7/688/7 11/690/11 15/692/15
f 15/692/15 19/694/19 23/696/23
f 23/696/23 27/698/27 31/72/31
f 31/72/31 35/701/35 39/703/39
f 39/703/39 43/705/43 47/73/47
f 47/73/47 51/708/51 55/710/55
f 55/710/55 59/712/59 63/74/63
f 63/74/63 7/688/7 15/692/15
f 15/692/15 23/696/23 31/72/31
f 31/72/31 39/703/39 47/73/47
f 47/73/47 55/710/55 63/74/63
f 63/74/63 15/692/15 31/72/31
f 65/75/65 73/106/73 74/76/74
f 543/78/543 70/714/70 81/79/81
f 540/77/540 74/76/74 75/81/75
f 544/83/544 543/78/543 82/80/82
f 66/85/66 75/117/75 76/86/76
f 545/88/545 544/83/544 83/84/83
f 541/87/541 76/86/76 77/90/77
f 546/92/546 545/88/545 84/89/84
f 67/91/67 77/90/77 78/94/78
f 69/100/69 68/95/68 78/94/78
f 538/96/538 71/98/71 72/102/72
f 542/104/542 69/100/69 79/101/79
f 539/103/539 72/102/72 73/106/73
f 70/107/70 542/104/542 80/105/80
f 72/102/72 87/125/87 88/109/88
f 81/108/81 80/105/80 95/110/95
f 73/106/73 88/109/88 89/112/89
f 82/80/82 81/79/81 96/113/96
f 74/76/74 89/112/89 90/115/90
f 83/84/83 82/80/82 97/114/97
f 75/117/75 90/141/90 91/118/91
f 84/89/84 83/84/83 98/116/98
f 76/86/76 91/118/91 92/120/92
f 85/93/85 84/89/84 99/119/99
f 77/90/77 92/120/92 93/122/93
f 79/101/79 78/94/78 93/122/93
f 71/98/71 86/123/86 87/125/87
f 80/105/80 79/101/79 94/124/94
f 91/118/91 106/142/106 107/126/107
f 100/121/100 99/119/99 114/127/114
f 92/120/92 107/126/107 108/129/108
f 94/124/94 93/122/93 108/129/108
f 86/123/86 101/130/101 102/132/102
f 95/110/95 94/124/94 109/131/109
f 87/125/87 102/132/102 103/134/103
f 96/111/96 95/110/95 110/133/110
f 88/109/88 103/134/103 104/136/104
f 97/114/97 96/113/96 111/137/111
f 89/112/89 104/136/104 105/139/105
f 98/116/98 97/114/97 112/138/112
f 90/141/90 105/715/105 106/142/106
f 99/119/99 98/116/98 113/140/113
f 111/143/111 110/164/110 125/144/125
f 103/134/103 118/165/118 119/146/119
f 112/138/112 111/137/111 126/147/126
f 104/136/104 119/146/119 120/149/120
f 113/140/113 112/138/112 127/148/127
f 105/139/105 120/149/120 121/151/121
f 114/127/114 113/140/113 128/150/128
f 106/152/106 121/151/121 122/154/122
f 115/128/115 114/127/114 129/153/129
f 107/157/107 122/168/122 123/158/123
f 109/161/109 108/159/108 123/158/123
f 101/130/101 116/160/116 117/163/117
f 110/164/110 109/161/109 124/162/124
f 102/132/102 117/163/117 118/165/118
f 130/156/130 129/153/129 144/166/144
f 122/168/122 137/185/137 138/169/138
f 124/162/124 123/158/123 138/169/138
f 116/160/116 131/170/131 132/172/132
f 125/144/125 124/162/124 139/171/139
f 117/163/117 132/172/132 133/174/133
f 126/145/126 125/144/125 140/173/140
f 118/165/118 133/174/133 134/176/134
f 127/177/127 126/145/126 141/175/141
f 119/146/119 134/176/134 135/179/135
f 128/150/128 127/148/127 142/180/142
f 120/182/120 135/192/135 136/183/136
f 129/153/129 128/150/128 143/181/143
f 121/184/121 136/183/136 137/185/137
f 133/174/133 149/202/149 150/186/150
f 142/178/142 141/175/141 157/187/157
f 134/176/134 150/186/150 151/189/151
f 143/181/143 142/180/142 158/190/158
f 135/192/135 151/216/151 152/193/152
f 144/166/144 143/181/143 159/191/159
f 136/183/136 152/193/152 153/195/153
f 145/167/145 144/166/144 160/194/160
f 137/185/137 153/195/153 154/197/154
f 139/171/139 138/169/138 154/197/154
f 131/170/131 147/198/147 148/200/148
f 140/173/140 139/171/139 155/199/155
f 132/172/132 148/200/148 149/202/149
f 141/175/141 140/173/140 156/201/156
f 153/195/153 168/219/168 169/203/169
f 155/199/155 154/197/154 169/203/169
f 147/198/147 162/204/162 163/207/163
f 156/201/156 155/199/155 170/206/170
f 148/200/148 163/207/163 164/209/164
f 157/187/157 156/201/156 171/208/171
f 149/202/149 164/209/164 165/211/165
f 158/188/158 157/187/157 172/210/172
f 150/186/150 165/211/165 166/213/166
f 159/191/159 158/190/158 173/214/173
f 151/216/151 166/225/166 167/217/167
f 160/194/160 159/191/159 174/215/174
f 152/193/152 167/217/167 168/219/168
f 161/196/161 160/194/160 175/218/175
f 173/212/173 172/210/172 187/220/187
f 165/211/165 180/236/180 181/222/181
f 174/215/174 173/214/173 188/223/188
f 166/225/166 181/716/181 182/226/182
f 175/218/175 174/215/174 189/224/189
f 167/217/167 182/226/182 183/228/183
f 176/205/176 175/218/175 190/227/190
f 168/219/168 183/228/183 184/230/184
f 170/206/170 169/203/169 184/230/184
f 162/204/162 177/231/177 178/233/178
f 171/208/171 170/206/170 185/232/185
f 163/207/163 178/233/178 179/235/179
f 172/210/172 171/208/171 186/234/186
f 164/209/164 179/235/179 180/236/180
f 184/230/184 199/252/199 200/238/200
f 178/233/178 177/231/177 192/239/192
f 185/232/185 200/238/200 201/241/201
f 179/235/179 178/233/178 193/240/193
f 186/234/186 201/241/201 202/243/202
f 180/236/180 179/235/179 194/242/194
f 187/220/187 202/243/202 203/245/203
f 181/222/181 180/236/180 195/244/195
f 188/223/188 203/253/203 204/247/204
f 182/226/182 181/716/181 196/248/196
f 189/224/189 204/247/204 205/250/205
f 183/228/183 182/226/182 197/249/197
f 190/227/190 205/250/205 206/237/206
f 184/230/184 183/228/183 198/251/198
f 203/253/203 218/278/218 219/254/219
f 197/249/197 196/248/196 211/255/211
f 204/247/204 219/254/219 220/257/220
f 198/251/198 197/249/197 212/256/212
f 205/250/205 220/257/220 221/259/221
f 199/252/199 198/251/198 213/258/213
f 199/252/199 214/260/214 215/262/215
f 193/240/193 192/239/192 207/261/207
f 200/238/200 215/262/215 216/264/216
f 194/242/194 193/240/193 208/263/208
f 201/241/201 216/264/216 217/266/217
f 195/244/195 194/242/194 209/265/209
f 202/243/202 217/266/217 218/268/218
f 196/246/196 195/244/195 210/267/210
f 208/263/208 207/261/207 222/270/222
f 215/262/215 230/286/230 231/272/231
f 209/265/209 208/263/208 223/271/223
f 216/264/216 231/272/231 232/274/232
f 210/267/210 209/265/209 224/273/224
f 217/266/217 232/274/232 233/276/233
f 211/269/211 210/267/210 225/275/225
f 218/278/218 233/302/233 234/279/234
f 212/256/212 211/255/211 226/280/226
f 219/254/219 234/279/234 235/282/235
f 213/258/213 212/256/212 227/281/227
f 220/257/220 235/282/235 236/284/236
f 214/260/214 213/258/213 228/283/228
f 214/260/214 229/285/229 230/286/230
f 227/281/227 226/280/226 241/287/241
f 234/279/234 249/304/249 250/289/250
f 228/283/228 227/281/227 242/288/242
f 235/282/235 250/289/250 251/291/251
f 229/285/229 228/283/228 243/290/243
f 229/285/229 244/292/244 245/294/245
f 223/271/223 222/270/222 237/293/237
f 230/286/230 245/294/245 246/296/246
f 224/273/224 223/271/223 238/295/238
f 231/272/231 246/296/246 247/298/247
f 225/275/225 224/273/224 239/297/239
f 232/300/232 247/310/247 248/301/248
f 226/277/226 225/275/225 240/299/240
f 233/302/233 248/301/248 249/304/249
f 245/294/245 260/324/260 261/305/261
f 239/297/239 238/295/238 253/306/253
f 246/296/246 261/305/261 262/308/262
f 240/299/240 239/297/239 254/307/254
f 247/310/247 262/340/262 263/311/263
f 241/303/241 240/299/240 255/309/255
f 248/301/248 263/311/263 264/313/264
f 242/314/242 241/303/241 256/312/256
f 249/304/249 264/313/264 265/316/265
f 243/317/243 242/314/242 257/315/257
f 250/289/250 265/316/265 266/319/266
f 244/320/244 243/717/243 258/321/258
f 244/292/244 259/718/259 260/324/260
f 238/295/238 237/293/237 252/323/252
f 264/313/264 279/343/279 280/325/280
f 258/321/258 257/344/257 272/326/272
f 265/316/265 280/325/280 281/328/281
f 259/322/259 258/321/258 273/327/273
f 259/322/259 274/329/274 275/331/275
f 253/306/253 252/323/252 267/330/267
f 260/332/260 275/331/275 276/334/276
f 254/307/254 253/306/253 268/333/268
f 261/335/261 276/334/276 277/337/277
f 255/309/255 254/307/254 269/336/269
f 262/340/262 277/350/277 278/341/278
f 256/312/256 255/309/255 270/339/270
f 263/311/263 278/341/278 279/343/279
f 257/344/257 256/719/256 271/345/271
f 269/336/269 268/333/268 283/346/283
f 276/334/276 291/362/291 292/348/292
f 270/339/270 269/336/269 284/347/284
f 277/350/277 292/374/292 293/351/293
f 271/342/271 270/339/270 285/349/285
f 278/341/278 293/351/293 294/353/294
f 272/326/272 271/345/271 286/354/286
f 279/343/279 294/353/294 295/356/295
f 273/327/273 272/326/272 287/355/287
f 280/325/280 295/356/295 296/358/296
f 274/329/274 273/327/273 288/357/288
f 274/329/274 289/359/289 290/361/290
f 268/333/268 267/330/267 282/360/282
f 275/331/275 290/361/290 291/362/291
f 288/357/288 287/355/287 302/363/302
f 295/356/295 310/379/310 311/365/311
f 289/359/289 288/357/288 303/364/303
f 289/359/289 304/366/304 305/368/305
f 283/346/283 282/360/282 297/367/297
f 290/361/290 305/368/305 306/370/306
f 284/347/284 283/346/283 298/369/298
f 291/362/291 306/370/306 307/372/307
f 285/349/285 284/347/284 299/371/299
f 292/374/292 307/720/307 308/375/308
f 286/352/286 285/349/285 300/373/300
f 293/351/293 308/375/308 309/377/309
f 287/355/287 286/354/286 301/378/301
f 294/353/294 309/377/309 310/379/310
f 307/372/307 306/370/306 321/380/321
f 299/371/299 314/395/314 315/382/315
f 308/375/308 307/720/307 322/383/322
f 300/373/300 315/382/315 316/385/316
f 309/377/309 308/375/308 323/384/323
f 301/378/301 316/410/316 317/387/317
f 310/379/310 309/377/309 324/386/324
f 302/363/302 317/387/317 318/389/318
f 311/365/311 310/379/310 325/388/325
f 303/364/303 318/389/318 319/391/319
f 305/368/305 304/366/304 319/391/319
f 297/367/297 312/392/312 313/394/313
f 306/370/306 305/368/305 320/393/320
f 298/369/298 313/394/313 314/395/314
f 326/390/326 325/388/325 340/396/340
f 318/389/318 333/412/333 334/398/334
f 320/393/320 319/391/319 334/398/334
f 312/392/312 327/399/327 328/401/328
f 321/380/321 320/393/320 335/400/335
f 313/394/313 328/401/328 329/403/329
f 322/381/322 321/380/321 336/402/336
f 314/395/314 329/403/329 330/405/330
f 323/384/323 322/383/322 337/406/337
f 315/382/315 330/405/330 331/408/331
f 324/386/324 323/384/323 338/407/338
f 316/410/316 331/721/331 332/411/332
f 325/388/325 324/386/324 339/409/339
f 317/387/317 332/411/332 333/412/333
f 338/407/338 337/406/337 352/413/352
f 330/405/330 345/430/345 346/415/346
f 339/409/339 338/407/338 353/414/353
f 331/408/331 346/415/346 347/417/347
f 340/396/340 339/409/339 354/416/354
f 332/418/332 347/417/347 348/420/348
f 341/397/341 340/396/340 355/419/355
f 333/412/333 348/722/348 349/423/349
f 335/400/335 334/398/334 349/423/349
f 327/399/327 342/424/342 343/426/343
f 336/402/336 335/400/335 350/425/350
f 328/401/328 343/426/343 344/428/344
f 337/404/337 336/402/336 351/427/351
f 329/403/329 344/428/344 345/430/345
f 350/433/350 349/453/349 364/434/364
f 342/424/342 357/431/357 358/436/358
f 351/437/351 350/433/350 365/435/365
f 343/426/343 358/436/358 359/439/359
f 352/440/352 351/437/351 366/438/366
f 344/428/344 359/439/359 360/442/360
f 353/414/353 352/413/352 367/443/367
f 345/430/345 360/442/360 361/445/361
f 354/416/354 353/414/353 368/444/368
f 346/447/346 361/457/361 362/448/362
f 355/419/355 354/416/354 369/446/369
f 347/449/347 362/448/362 363/451/363
f 356/422/356 355/419/355 370/450/370
f 348/452/348 363/451/363 364/434/364
f 360/442/360 376/469/376 377/454/377
f 369/446/369 368/444/368 384/455/384
f 361/457/361 377/483/377 378/458/378
f 370/450/370 369/446/369 385/456/385
f 362/448/362 378/458/378 379/460/379
f 371/432/371 370/450/370 386/459/386
f 363/451/363 379/460/379 380/462/380
f 365/435/365 364/434/364 380/462/380
f 357/431/357 373/463/373 374/465/374
f 366/438/366 365/435/365 381/464/381
f 358/436/358 374/465/374 375/467/375
f 367/441/367 366/438/366 382/466/382
f 359/439/359 375/467/375 376/469/376
f 368/444/368 367/443/367 383/470/383
f 381/464/381 380/462/380 395/471/395
f 373/463/373 388/488/388 389/473/389
f 382/466/382 381/464/381 396/472/396
f 374/465/374 389/473/389 390/475/390
f 383/468/383 382/466/382 397/474/397
f 375/467/375 390/475/390 391/477/391
f 384/478/384 383/468/383 398/476/398
f 376/469/376 391/477/391 392/480/392
f 385/456/385 384/455/384 399/481/399
f 377/483/377 392/491/392 393/484/393
f 386/459/386 385/456/385 400/482/400
f 378/458/378 393/484/393 394/486/394
f 387/461/387 386/459/386 401/485/401
f 379/460/379 394/486/394 395/471/395
f 400/482/400 399/481/399 414/489/414
f 392/491/392 407/506/407 408/492/408
f 401/485/401 400/482/400 415/490/415
f 393/484/393 408/492/408 409/494/409
f 402/487/402 401/485/401 416/493/416
f 394/486/394 409/494/409 410/496/410
f 396/472/396 395/471/395 410/496/410
f 388/488/388 403/497/403 404/499/404
f 397/474/397 396/472/396 411/498/411
f 389/473/389 404/499/404 405/501/405
f 398/476/398 397/474/397 412/500/412
f 390/475/390 405/501/405 406/503/406
f 399/479/399 398/476/398 413/502/413
f 391/505/391 406/514/406 407/506/407
f 403/497/403 418/523/418 419/507/419
f 412/500/412 411/498/411 426/508/426
f 404/499/404 419/507/419 420/510/420
f 413/502/413 412/500/412 427/509/427
f 405/501/405 420/510/420 421/512/421
f 414/504/414 413/502/413 428/511/428
f 406/514/406 421/723/421 422/515/422
f 415/490/415 414/489/414 429/516/429
f 407/506/407 422/515/422 423/518/423
f 416/493/416 415/490/415 430/517/430
f 408/492/408 423/518/423 424/520/424
f 417/495/417 416/493/416 431/519/431
f 409/494/409 424/520/424 425/522/425
f 411/498/411 410/496/410 425/522/425
f 423/518/423 422/515/422 437/524/437
f 430/517/430 445/539/445 446/526/446
f 424/520/424 423/518/423 438/525/438
f 431/519/431 446/526/446 447/528/447
f 425/522/425 424/520/424 439/527/439
f 425/522/425 440/529/440 441/531/441
f 419/507/419 418/523/418 433/530/433
f 426/508/426 441/531/441 442/533/442
f 420/510/420 419/507/419 434/532/434
f 427/509/427 442/533/442 443/535/443
f 421/512/421 420/510/420 435/534/435
f 428/511/428 443/535/443 444/537/444
f 422/515/422 421/723/421 436/538/436
f 429/516/429 444/548/444 445/539/445
f 441/531/441 456/556/456 457/540/457
f 435/534/435 434/532/434 449/541/449
f 442/533/442 457/540/457 458/543/458
f 436/536/436 435/534/435 450/542/450
f 443/535/443 458/543/458 459/545/459
f 437/524/437 436/538/436 451/546/451
f 444/548/444 459/571/459 460/549/460
f 438/525/438 437/524/437 452/547/452
f 445/539/445 460/549/460 461/551/461
f 439/527/439 438/525/438 453/550/453
f 446/526/446 461/551/461 462/553/462
f 440/529/440 439/527/439 454/552/454
f 440/529/440 455/554/455 456/556/456
f 434/532/434 433/530/433 448/555/448
f 460/549/460 475/574/475 476/557/476
f 454/552/454 453/550/453 468/558/468
f 461/551/461 476/557/476 477/560/477
f 455/554/455 454/552/454 469/559/469
f 455/554/455 470/561/470 471/563/471
f 449/541/449 448/555/448 463/562/463
f 456/556/456 471/563/471 472/565/472
f 450/542/450 449/541/449 464/564/464
f 457/540/457 472/565/472 473/567/473
f 451/544/451 450/542/450 465/566/465
f 458/569/458 473/579/473 474/570/474
f 452/572/452 451/544/451 466/568/466
f 459/571/459 474/570/474 475/574/475
f 453/550/453 452/547/452 467/575/467
f 472/565/472 487/592/487 488/576/488
f 466/568/466 465/566/465 480/577/480
f 473/579/473 488/603/488 489/580/489
f 467/573/467 466/568/466 481/578/481
f 474/570/474 489/580/489 490/582/490
f 468/558/468 467/575/467 482/583/482
f 475/574/475 490/582/490 491/585/491
f 469/559/469 468/558/468 483/584/483
f 476/557/476 491/585/491 492/587/492
f 470/561/470 469/559/469 484/586/484
f 470/561/470 485/588/485 486/590/486
f 464/564/464 463/562/463 478/589/478
f 471/563/471 486/590/486 487/592/487
f 465/566/465 464/564/464 479/591/479
f 491/585/491 506/609/506 507/593/507
f 485/588/485 484/586/484 499/594/499
f 485/588/485 500/595/500 501/597/501
f 479/591/479 478/589/478 493/596/493
f 486/590/486 501/597/501 502/599/502
f 480/577/480 479/591/479 494/598/494
f 487/592/487 502/599/502 503/601/503
f 481/578/481 480/577/480 495/600/495
f 488/603/488 503/613/503 504/604/504
f 482/581/482 481/578/481 496/602/496
f 489/580/489 504/604/504 505/606/505
f 483/607/483 482/581/482 497/605/497
f 490/582/490 505/606/505 506/609/506
f 484/586/484 483/584/483 498/610/498
f 496/602/496 495/600/495 510/611/510
f 503/613/503 518/643/518 519/614/519
f 497/605/497 496/602/496 511/612/511
f 504/604/504 519/614/519 520/616/520
f 498/608/498 497/605/497 512/615/512
f 505/606/505 520/616/520 521/618/521
f 499/619/499 498/608/498 513/617/513
f 506/609/506 521/618/521 522/621/522
f 500/622/500 499/724/499 514/623/514
f 500/622/500 515/624/515 516/626/516
f 494/598/494 493/596/493 508/625/508
f 501/627/501 516/626/516 517/629/517
f 495/600/495 494/598/494 509/628/509
f 502/630/502 517/629/517 518/631/518
f 515/624/515 514/623/514 529/633/529
f 515/624/515 530/634/530 531/637/531
f 509/628/509 508/625/508 523/635/523
f 516/626/516 531/637/531 532/639/532
f 510/611/510 509/628/509 524/638/524
f 517/629/517 532/639/532 533/641/533
f 511/612/511 510/611/510 525/640/525
f 518/643/518 533/651/533 534/644/534
f 512/615/512 511/612/511 526/642/526
f 519/614/519 534/644/534 535/646/535
f 513/647/513 512/725/512 527/648/527
f 520/616/520 535/646/535 536/650/536
f 514/623/514 513/647/513 528/649/528
f 521/618/521 536/650/536 537/636/537
f 533/651/533 70/714/70 543/78/543
f 527/645/527 526/642/526 540/77/540
f 534/644/534 543/78/543 544/83/544
f 528/649/528 527/648/527 66/85/66
f 535/646/535 544/83/544 545/88/545
f 529/633/529 528/649/528 541/87/541
f 536/650/536 545/88/545 546/92/546
f 530/634/530 529/633/529 67/91/67
f 530/634/530 68/95/68 69/100/69
f 524/638/524 523/635/523 538/96/538
f 531/637/531 69/100/69 542/104/542
f 525/640/525 524/638/524 539/103/539
f 532/639/532 542/104/542 70/107/70
f 526/642/526 525/640/525 65/75/65
