# Blender 4.4.3
# www.blender.org
o 梦_尾巴
v 0.000000 -0.001512 -0.048365
v -0.000000 -0.539415 -0.048365
v -0.007279 -0.001512 -0.047435
v -0.007279 -0.539415 -0.047435
v -0.014277 -0.001512 -0.044683
v -0.014277 -0.539415 -0.044683
v -0.020727 -0.001512 -0.040214
v -0.020728 -0.539415 -0.040214
v -0.026381 -0.001512 -0.034199
v -0.026381 -0.539415 -0.034199
v -0.031021 -0.001512 -0.026870
v -0.031021 -0.539415 -0.026870
v -0.034469 -0.001512 -0.018508
v -0.034469 -0.539415 -0.018508
v -0.036592 -0.001512 -0.009435
v -0.036592 -0.539415 -0.009435
v -0.037308 -0.001512 0.000000
v -0.037309 -0.539415 0.000000
v -0.036592 -0.001512 0.009435
v -0.036592 -0.539415 0.009435
v -0.034469 -0.001512 0.018508
v -0.034469 -0.539415 0.018508
v -0.031021 -0.001512 0.026870
v -0.031021 -0.539415 0.026870
v -0.026381 -0.001512 0.034199
v -0.026381 -0.539415 0.034199
v -0.020727 -0.001512 0.040214
v -0.020728 -0.539415 0.040214
v -0.014277 -0.001512 0.044683
v -0.014277 -0.539415 0.044683
v -0.007279 -0.001512 0.047435
v -0.007279 -0.539415 0.047435
v 0.000000 -0.001512 0.048365
v -0.000000 -0.539415 0.048365
v 0.007279 -0.001512 0.047435
v 0.007279 -0.539415 0.047435
v 0.014277 -0.001512 0.044683
v 0.014277 -0.539415 0.044683
v 0.020728 -0.001512 0.040214
v 0.020727 -0.539415 0.040214
v 0.026381 -0.001512 0.034199
v 0.026381 -0.539415 0.034199
v 0.031021 -0.001512 0.026870
v 0.031021 -0.539415 0.026870
v 0.034469 -0.001512 0.018508
v 0.034469 -0.539415 0.018508
v 0.036592 -0.001512 0.009435
v 0.036592 -0.539415 0.009435
v 0.037309 -0.001512 0.000000
v 0.037308 -0.539415 0.000000
v 0.036592 -0.001512 -0.009435
v 0.036592 -0.539415 -0.009435
v 0.034469 -0.001512 -0.018508
v 0.034469 -0.539415 -0.018508
v 0.031021 -0.001512 -0.026870
v 0.031021 -0.539415 -0.026870
v 0.026381 -0.001512 -0.034199
v 0.026381 -0.539415 -0.034199
v 0.020728 -0.001512 -0.040214
v 0.020727 -0.539415 -0.040214
v 0.014277 -0.001512 -0.044683
v 0.014277 -0.539415 -0.044683
v 0.007279 -0.001512 -0.047435
v 0.007279 -0.539415 -0.047435
v -0.000000 -0.684109 -0.079162
v -0.000000 -0.644797 -0.118474
v -0.000000 -0.593433 -0.139749
v -0.000000 -0.565636 -0.142487
v -0.000000 -0.537838 -0.139749
v -0.000000 -0.486474 -0.118474
v -0.005423 -0.705385 -0.027264
v -0.010638 -0.697277 -0.053480
v -0.015444 -0.684109 -0.077641
v -0.019656 -0.666389 -0.098818
v -0.023113 -0.644797 -0.116197
v -0.025682 -0.620163 -0.129112
v -0.027264 -0.593433 -0.137064
v -0.027798 -0.565636 -0.139749
v -0.027264 -0.537838 -0.137064
v -0.025682 -0.511108 -0.129112
v -0.023113 -0.486474 -0.116197
v -0.019656 -0.464882 -0.098818
v -0.015444 -0.447162 -0.077641
v -0.010638 -0.433995 -0.053480
v -0.005423 -0.425886 -0.027264
v -0.010638 -0.705385 -0.025682
v -0.020867 -0.697277 -0.050377
v -0.030294 -0.684109 -0.073136
v -0.038557 -0.666389 -0.093084
v -0.045338 -0.644797 -0.109456
v -0.050377 -0.620163 -0.121620
v -0.053480 -0.593433 -0.129112
v -0.054528 -0.565636 -0.131641
v -0.053480 -0.537838 -0.129112
v -0.050377 -0.511108 -0.121620
v -0.045338 -0.486474 -0.109456
v -0.038557 -0.464882 -0.093084
v -0.030294 -0.447162 -0.073136
v -0.020867 -0.433995 -0.050377
v -0.010638 -0.425886 -0.025682
v -0.015444 -0.705385 -0.023113
v -0.030294 -0.697277 -0.045338
v -0.043980 -0.684109 -0.065821
v -0.055976 -0.666389 -0.083774
v -0.065821 -0.644797 -0.098507
v -0.073136 -0.620163 -0.109456
v -0.077641 -0.593433 -0.116197
v -0.079162 -0.565636 -0.118474
v -0.077641 -0.537838 -0.116197
v -0.073136 -0.511108 -0.109456
v -0.065821 -0.486474 -0.098507
v -0.055976 -0.464882 -0.083774
v -0.043980 -0.447162 -0.065821
v -0.030294 -0.433995 -0.045338
v -0.015444 -0.425886 -0.023113
v -0.019656 -0.705385 -0.019656
v -0.038557 -0.697277 -0.038557
v -0.055976 -0.684109 -0.055976
v -0.071244 -0.666389 -0.071244
v -0.083774 -0.644797 -0.083774
v -0.093084 -0.620163 -0.093084
v -0.098818 -0.593433 -0.098818
v -0.100754 -0.565636 -0.100754
v -0.098818 -0.537838 -0.098818
v -0.093084 -0.511108 -0.093084
v -0.083774 -0.486474 -0.083774
v -0.071244 -0.464882 -0.071244
v -0.055976 -0.447162 -0.055976
v -0.038557 -0.433995 -0.038557
v -0.019656 -0.425886 -0.019656
v -0.023113 -0.705385 -0.015444
v -0.045338 -0.697277 -0.030294
v -0.065821 -0.684109 -0.043980
v -0.083774 -0.666389 -0.055976
v -0.098507 -0.644797 -0.065820
v -0.109456 -0.620163 -0.073136
v -0.116197 -0.593433 -0.077641
v -0.118474 -0.565636 -0.079162
v -0.116197 -0.537838 -0.077641
v -0.109456 -0.511108 -0.073136
v -0.098507 -0.486474 -0.065820
v -0.083774 -0.464882 -0.055976
v -0.065821 -0.447162 -0.043980
v -0.045338 -0.433995 -0.030294
v -0.023113 -0.425886 -0.015444
v -0.000000 -0.708123 0.000000
v -0.025682 -0.705385 -0.010638
v -0.050377 -0.697277 -0.020867
v -0.073136 -0.684109 -0.030294
v -0.093084 -0.666389 -0.038557
v -0.109456 -0.644797 -0.045338
v -0.121620 -0.620163 -0.050377
v -0.129112 -0.593433 -0.053480
v -0.131641 -0.565636 -0.054527
v -0.129112 -0.537838 -0.053480
v -0.121620 -0.511108 -0.050377
v -0.109456 -0.486474 -0.045338
v -0.093084 -0.464882 -0.038557
v -0.073136 -0.447162 -0.030294
v -0.050377 -0.433995 -0.020867
v -0.025682 -0.425886 -0.010638
v -0.027264 -0.705385 -0.005423
v -0.053480 -0.697277 -0.010638
v -0.077641 -0.684109 -0.015444
v -0.098818 -0.666389 -0.019656
v -0.116197 -0.644797 -0.023113
v -0.129112 -0.620163 -0.025682
v -0.137064 -0.593433 -0.027264
v -0.139749 -0.565636 -0.027798
v -0.137064 -0.537838 -0.027264
v -0.129112 -0.511108 -0.025682
v -0.116197 -0.486474 -0.023113
v -0.098818 -0.464882 -0.019656
v -0.077641 -0.447162 -0.015444
v -0.053480 -0.433995 -0.010638
v -0.027264 -0.425886 -0.005423
v -0.027798 -0.705385 0.000000
v -0.054528 -0.697277 0.000000
v -0.079162 -0.684109 0.000000
v -0.100754 -0.666389 -0.000000
v -0.118474 -0.644797 0.000000
v -0.131641 -0.620163 -0.000000
v -0.139749 -0.593433 0.000000
v -0.142487 -0.565636 0.000000
v -0.139749 -0.537838 0.000000
v -0.131641 -0.511108 -0.000000
v -0.118474 -0.486474 0.000000
v -0.100754 -0.464882 -0.000000
v -0.079162 -0.447162 0.000000
v -0.054528 -0.433995 0.000000
v -0.027798 -0.425886 0.000000
v -0.027264 -0.705385 0.005423
v -0.053480 -0.697277 0.010638
v -0.077641 -0.684109 0.015444
v -0.098818 -0.666389 0.019656
v -0.116197 -0.644797 0.023113
v -0.129112 -0.620163 0.025682
v -0.137064 -0.593433 0.027264
v -0.139749 -0.565636 0.027798
v -0.137064 -0.537838 0.027264
v -0.129112 -0.511108 0.025682
v -0.116197 -0.486474 0.023113
v -0.098818 -0.464882 0.019656
v -0.077641 -0.447162 0.015444
v -0.053480 -0.433995 0.010638
v -0.027264 -0.425886 0.005423
v -0.025682 -0.705385 0.010638
v -0.050377 -0.697277 0.020867
v -0.073136 -0.684109 0.030294
v -0.093084 -0.666389 0.038557
v -0.109456 -0.644797 0.045338
v -0.121620 -0.620163 0.050377
v -0.129112 -0.593433 0.053480
v -0.131641 -0.565636 0.054528
v -0.129112 -0.537838 0.053480
v -0.121620 -0.511108 0.050377
v -0.109456 -0.486474 0.045338
v -0.093084 -0.464882 0.038557
v -0.073136 -0.447162 0.030294
v -0.050377 -0.433995 0.020867
v -0.025682 -0.425886 0.010638
v -0.023113 -0.705385 0.015444
v -0.045338 -0.697277 0.030294
v -0.065821 -0.684109 0.043980
v -0.083774 -0.666389 0.055976
v -0.098507 -0.644797 0.065821
v -0.109456 -0.620163 0.073136
v -0.116197 -0.593433 0.077641
v -0.118474 -0.565636 0.079162
v -0.116197 -0.537838 0.077641
v -0.109456 -0.511108 0.073136
v -0.098507 -0.486474 0.065821
v -0.083774 -0.464882 0.055976
v -0.065821 -0.447162 0.043980
v -0.045338 -0.433995 0.030294
v -0.023113 -0.425886 0.015444
v -0.019656 -0.705385 0.019656
v -0.038557 -0.697277 0.038557
v -0.055976 -0.684109 0.055976
v -0.071244 -0.666389 0.071244
v -0.083774 -0.644797 0.083774
v -0.093084 -0.620163 0.093084
v -0.098818 -0.593433 0.098818
v -0.100754 -0.565636 0.100754
v -0.098818 -0.537838 0.098818
v -0.093084 -0.511108 0.093084
v -0.083774 -0.486474 0.083774
v -0.071244 -0.464882 0.071244
v -0.055976 -0.447162 0.055976
v -0.038557 -0.433995 0.038557
v -0.019656 -0.425886 0.019656
v -0.015444 -0.705385 0.023113
v -0.030294 -0.697277 0.045338
v -0.043980 -0.684109 0.065821
v -0.055976 -0.666389 0.083774
v -0.065821 -0.644797 0.098507
v -0.073136 -0.620163 0.109455
v -0.077641 -0.593433 0.116197
v -0.079162 -0.565636 0.118474
v -0.077641 -0.537838 0.116197
v -0.073136 -0.511108 0.109455
v -0.065821 -0.486474 0.098507
v -0.055976 -0.464882 0.083774
v -0.043980 -0.447162 0.065821
v -0.030294 -0.433995 0.045338
v -0.015444 -0.425886 0.023113
v -0.010638 -0.705385 0.025682
v -0.020867 -0.697277 0.050377
v -0.030294 -0.684109 0.073136
v -0.038557 -0.666389 0.093084
v -0.045338 -0.644797 0.109455
v -0.050377 -0.620163 0.121620
v -0.053480 -0.593433 0.129112
v -0.054527 -0.565636 0.131641
v -0.053480 -0.537838 0.129112
v -0.050377 -0.511108 0.121620
v -0.045338 -0.486474 0.109455
v -0.038557 -0.464882 0.093084
v -0.030294 -0.447162 0.073136
v -0.020867 -0.433995 0.050377
v -0.010638 -0.425886 0.025682
v -0.005423 -0.705385 0.027264
v -0.010638 -0.697277 0.053480
v -0.015444 -0.684109 0.077641
v -0.019656 -0.666389 0.098818
v -0.023113 -0.644797 0.116197
v -0.025682 -0.620163 0.129112
v -0.027264 -0.593433 0.137064
v -0.027798 -0.565636 0.139749
v -0.027264 -0.537838 0.137064
v -0.025682 -0.511108 0.129112
v -0.023113 -0.486474 0.116197
v -0.019656 -0.464882 0.098818
v -0.015444 -0.447162 0.077641
v -0.010638 -0.433995 0.053480
v -0.005423 -0.425886 0.027264
v -0.000000 -0.705385 0.027798
v -0.000000 -0.697277 0.054527
v -0.000000 -0.684109 0.079162
v -0.000000 -0.666389 0.100754
v -0.000000 -0.644797 0.118474
v -0.000000 -0.620163 0.131641
v -0.000000 -0.593433 0.139749
v 0.000000 -0.565636 0.142487
v -0.000000 -0.537838 0.139749
v -0.000000 -0.511108 0.131641
v -0.000000 -0.486474 0.118474
v -0.000000 -0.464882 0.100754
v -0.000000 -0.447162 0.079162
v -0.000000 -0.433995 0.054527
v -0.000000 -0.425886 0.027798
v 0.005423 -0.705385 0.027264
v 0.010638 -0.697277 0.053480
v 0.015444 -0.684109 0.077641
v 0.019656 -0.666389 0.098818
v 0.023113 -0.644797 0.116197
v 0.025682 -0.620163 0.129112
v 0.027264 -0.593433 0.137064
v 0.027798 -0.565636 0.139749
v 0.027264 -0.537838 0.137064
v 0.025682 -0.511108 0.129112
v 0.023113 -0.486474 0.116197
v 0.019656 -0.464882 0.098818
v 0.015444 -0.447162 0.077641
v 0.010638 -0.433995 0.053480
v 0.005423 -0.425886 0.027264
v 0.010638 -0.705385 0.025682
v 0.020867 -0.697277 0.050377
v 0.030294 -0.684109 0.073136
v 0.038557 -0.666389 0.093084
v 0.045338 -0.644797 0.109455
v 0.050377 -0.620163 0.121620
v 0.053480 -0.593433 0.129112
v 0.054527 -0.565636 0.131641
v 0.053480 -0.537838 0.129112
v 0.050377 -0.511108 0.121620
v 0.045338 -0.486474 0.109455
v 0.038557 -0.464882 0.093084
v 0.030294 -0.447162 0.073136
v 0.020867 -0.433995 0.050377
v 0.010638 -0.425886 0.025682
v 0.015444 -0.705385 0.023113
v 0.030294 -0.697277 0.045338
v 0.043980 -0.684109 0.065820
v 0.055976 -0.666389 0.083774
v 0.065820 -0.644797 0.098507
v 0.073136 -0.620163 0.109455
v 0.077641 -0.593433 0.116197
v 0.079162 -0.565636 0.118474
v 0.077641 -0.537838 0.116197
v 0.073136 -0.511108 0.109455
v 0.065820 -0.486474 0.098507
v 0.055976 -0.464882 0.083774
v 0.043980 -0.447162 0.065820
v 0.030294 -0.433995 0.045338
v 0.015444 -0.425886 0.023113
v 0.019656 -0.705385 0.019656
v 0.038557 -0.697277 0.038557
v 0.055976 -0.684109 0.055976
v 0.071244 -0.666389 0.071244
v 0.083774 -0.644797 0.083774
v 0.093084 -0.620163 0.093084
v 0.098818 -0.593433 0.098818
v 0.100754 -0.565636 0.100754
v 0.098818 -0.537838 0.098818
v 0.093084 -0.511108 0.093084
v 0.083774 -0.486474 0.083774
v 0.071244 -0.464882 0.071244
v 0.055976 -0.447162 0.055976
v 0.038557 -0.433995 0.038557
v 0.019656 -0.425886 0.019656
v -0.000000 -0.423148 0.000000
v 0.023113 -0.705385 0.015444
v 0.045338 -0.697277 0.030294
v 0.065820 -0.684109 0.043980
v 0.083774 -0.666389 0.055976
v 0.098507 -0.644797 0.065820
v 0.109455 -0.620163 0.073136
v 0.116197 -0.593433 0.077641
v 0.118474 -0.565636 0.079162
v 0.116197 -0.537838 0.077641
v 0.109455 -0.511108 0.073136
v 0.098507 -0.486474 0.065820
v 0.083774 -0.464882 0.055976
v 0.065820 -0.447162 0.043980
v 0.045338 -0.433995 0.030294
v 0.023113 -0.425886 0.015444
v 0.025682 -0.705385 0.010638
v 0.050377 -0.697277 0.020867
v 0.073136 -0.684109 0.030294
v 0.093084 -0.666389 0.038557
v 0.109455 -0.644797 0.045338
v 0.121620 -0.620163 0.050377
v 0.129112 -0.593433 0.053480
v 0.131641 -0.565636 0.054527
v 0.129112 -0.537838 0.053480
v 0.121620 -0.511108 0.050377
v 0.109455 -0.486474 0.045338
v 0.093084 -0.464882 0.038557
v 0.073136 -0.447162 0.030294
v 0.050377 -0.433995 0.020867
v 0.025682 -0.425886 0.010638
v 0.027264 -0.705385 0.005423
v 0.053480 -0.697277 0.010638
v 0.077640 -0.684109 0.015444
v 0.098818 -0.666389 0.019656
v 0.116197 -0.644797 0.023113
v 0.129112 -0.620163 0.025682
v 0.137064 -0.593433 0.027264
v 0.139749 -0.565636 0.027798
v 0.137064 -0.537838 0.027264
v 0.129112 -0.511108 0.025682
v 0.116197 -0.486474 0.023113
v 0.098818 -0.464882 0.019656
v 0.077641 -0.447162 0.015444
v 0.053480 -0.433995 0.010638
v 0.027264 -0.425886 0.005423
v 0.027798 -0.705385 -0.000000
v 0.054527 -0.697277 -0.000000
v 0.079162 -0.684109 -0.000000
v 0.100754 -0.666389 -0.000000
v 0.118474 -0.644797 -0.000000
v 0.131641 -0.620163 -0.000000
v 0.139749 -0.593433 -0.000000
v 0.142487 -0.565636 -0.000000
v 0.139749 -0.537838 -0.000000
v 0.131641 -0.511108 -0.000000
v 0.118474 -0.486474 -0.000000
v 0.100754 -0.464882 -0.000000
v 0.079162 -0.447162 -0.000000
v 0.054527 -0.433995 -0.000000
v 0.027798 -0.425886 -0.000000
v 0.027264 -0.705385 -0.005423
v 0.053480 -0.697277 -0.010638
v 0.077640 -0.684109 -0.015444
v 0.098818 -0.666389 -0.019656
v 0.116197 -0.644797 -0.023113
v 0.129112 -0.620163 -0.025682
v 0.137064 -0.593433 -0.027264
v 0.139749 -0.565636 -0.027798
v 0.137064 -0.537838 -0.027264
v 0.129112 -0.511108 -0.025682
v 0.116197 -0.486474 -0.023113
v 0.098818 -0.464882 -0.019656
v 0.077641 -0.447162 -0.015444
v 0.053480 -0.433995 -0.010638
v 0.027264 -0.425886 -0.005423
v 0.025682 -0.705385 -0.010638
v 0.050377 -0.697277 -0.020867
v 0.073136 -0.684109 -0.030294
v 0.093084 -0.666389 -0.038557
v 0.109455 -0.644797 -0.045338
v 0.121620 -0.620163 -0.050377
v 0.129111 -0.593433 -0.053480
v 0.131641 -0.565636 -0.054528
v 0.129111 -0.537838 -0.053480
v 0.121620 -0.511108 -0.050377
v 0.109455 -0.486474 -0.045338
v 0.093084 -0.464882 -0.038557
v 0.073136 -0.447162 -0.030294
v 0.050377 -0.433995 -0.020867
v 0.025682 -0.425886 -0.010638
v 0.023113 -0.705385 -0.015444
v 0.045338 -0.697277 -0.030294
v 0.065820 -0.684109 -0.043980
v 0.083774 -0.666389 -0.055976
v 0.098507 -0.644797 -0.065820
v 0.109455 -0.620163 -0.073136
v 0.116197 -0.593433 -0.077641
v 0.118474 -0.565636 -0.079162
v 0.116197 -0.537838 -0.077641
v 0.109455 -0.511108 -0.073136
v 0.098507 -0.486474 -0.065820
v 0.083774 -0.464882 -0.055976
v 0.065820 -0.447162 -0.043980
v 0.045338 -0.433995 -0.030294
v 0.023113 -0.425886 -0.015444
v 0.019656 -0.705385 -0.019656
v 0.038557 -0.697277 -0.038557
v 0.055976 -0.684109 -0.055976
v 0.071244 -0.666389 -0.071244
v 0.083774 -0.644797 -0.083774
v 0.093084 -0.620163 -0.093084
v 0.098818 -0.593433 -0.098818
v 0.100754 -0.565636 -0.100754
v 0.098818 -0.537838 -0.098818
v 0.093084 -0.511108 -0.093084
v 0.083774 -0.486474 -0.083774
v 0.071244 -0.464882 -0.071244
v 0.055976 -0.447162 -0.055976
v 0.038557 -0.433995 -0.038557
v 0.019656 -0.425886 -0.019656
v 0.015444 -0.705385 -0.023113
v 0.030294 -0.697277 -0.045338
v 0.043980 -0.684109 -0.065820
v 0.055976 -0.666389 -0.083774
v 0.065820 -0.644797 -0.098507
v 0.073136 -0.620163 -0.109455
v 0.077640 -0.593433 -0.116197
v 0.079161 -0.565636 -0.118474
v 0.077640 -0.537838 -0.116197
v 0.073136 -0.511108 -0.109455
v 0.065820 -0.486474 -0.098507
v 0.055976 -0.464882 -0.083774
v 0.043980 -0.447162 -0.065820
v 0.030294 -0.433995 -0.045338
v 0.015444 -0.425886 -0.023113
v 0.010638 -0.705385 -0.025682
v 0.020867 -0.697277 -0.050377
v 0.030294 -0.684109 -0.073136
v 0.038557 -0.666389 -0.093084
v 0.045338 -0.644797 -0.109455
v 0.050377 -0.620163 -0.121620
v 0.053480 -0.593433 -0.129112
v 0.054527 -0.565636 -0.131641
v 0.053480 -0.537838 -0.129112
v 0.050377 -0.511108 -0.121620
v 0.045338 -0.486474 -0.109455
v 0.038557 -0.464882 -0.093084
v 0.030294 -0.447162 -0.073136
v 0.020867 -0.433995 -0.050377
v 0.010638 -0.425886 -0.025682
v 0.005423 -0.705385 -0.027264
v 0.010638 -0.697277 -0.053480
v 0.015444 -0.684109 -0.077641
v 0.019656 -0.666389 -0.098818
v 0.023113 -0.644797 -0.116197
v 0.025682 -0.620163 -0.129112
v 0.027264 -0.593433 -0.137064
v 0.027798 -0.565636 -0.139749
v 0.027264 -0.537838 -0.137064
v 0.025682 -0.511108 -0.129112
v 0.023113 -0.486474 -0.116197
v 0.019656 -0.464882 -0.098818
v 0.015444 -0.447162 -0.077641
v 0.010638 -0.433995 -0.053480
v 0.005423 -0.425886 -0.027264
v -0.000000 -0.705385 -0.027798
v -0.000000 -0.697277 -0.054527
v -0.000000 -0.666389 -0.100754
v -0.000000 -0.620163 -0.131641
v -0.000000 -0.511108 -0.131641
v -0.000000 -0.464882 -0.100754
v -0.000000 -0.447162 -0.079162
v -0.000000 -0.433995 -0.054527
v -0.000000 -0.425886 -0.027798
vn -0.0000 0.1670 -0.9860
vn -0.0000 -0.1670 -0.9860
vn -0.2463 0.1650 -0.9551
vn -0.2463 -0.1650 -0.9551
vn -0.4670 0.1595 -0.8697
vn -0.4670 -0.1595 -0.8697
vn -0.6471 0.1522 -0.7471
vn -0.6471 -0.1522 -0.7471
vn -0.7834 0.1448 -0.6044
vn -0.7835 -0.1448 -0.6044
vn -0.8803 0.1384 -0.4537
vn -0.8803 -0.1384 -0.4537
vn -0.9440 0.1335 -0.3016
vn -0.9440 -0.1335 -0.3016
vn -0.9800 0.1306 -0.1504
vn -0.9800 -0.1306 -0.1504
vn -0.9916 0.1296 -0.0000
vn -0.9916 -0.1296 -0.0000
vn -0.9800 0.1306 0.1504
vn -0.9800 -0.1306 0.1504
vn -0.9440 0.1335 0.3016
vn -0.9440 -0.1335 0.3016
vn -0.8803 0.1383 0.4537
vn -0.8803 -0.1384 0.4537
vn -0.7835 0.1448 0.6044
vn -0.7835 -0.1448 0.6044
vn -0.6471 0.1522 0.7471
vn -0.6471 -0.1522 0.7471
vn -0.4670 0.1595 0.8697
vn -0.4670 -0.1595 0.8697
vn -0.2463 0.1650 0.9551
vn -0.2463 -0.1650 0.9551
vn -0.0000 0.1670 0.9860
vn -0.0000 -0.1670 0.9860
vn 0.2463 0.1650 0.9551
vn 0.2463 -0.1650 0.9551
vn 0.4670 0.1595 0.8697
vn 0.4670 -0.1595 0.8697
vn 0.6471 0.1522 0.7471
vn 0.6471 -0.1522 0.7471
vn 0.7834 0.1448 0.6044
vn 0.7835 -0.1448 0.6044
vn 0.8803 0.1384 0.4537
vn 0.8803 -0.1384 0.4537
vn 0.9440 0.1335 0.3016
vn 0.9440 -0.1335 0.3016
vn 0.9800 0.1306 0.1504
vn 0.9800 -0.1306 0.1504
vn 0.9916 0.1296 -0.0000
vn 0.9916 -0.1296 -0.0000
vn 0.9800 0.1306 -0.1504
vn 0.9800 -0.1306 -0.1504
vn 0.9440 0.1335 -0.3016
vn 0.9440 -0.1335 -0.3016
vn 0.8803 0.1383 -0.4537
vn 0.8803 -0.1384 -0.4537
vn 0.7835 0.1448 -0.6044
vn 0.7835 -0.1448 -0.6044
vn 0.6471 0.1522 -0.7471
vn 0.6471 -0.1522 -0.7471
vn 0.4670 0.1595 -0.8697
vn 0.4670 -0.1595 -0.8697
vn 0.2463 0.1650 -0.9551
vn 0.2463 -0.1650 -0.9551
vn -0.0000 -0.8254 -0.5646
vn -0.0000 -0.5409 -0.8411
vn -0.0000 -0.1684 -0.9857
vn -0.0000 -0.0000 -1.0000
vn -0.0000 0.1684 -0.9857
vn -0.0000 0.5409 -0.8411
vn -0.0387 -0.9795 -0.1979
vn -0.0756 -0.9205 -0.3833
vn -0.1095 -0.8253 -0.5539
vn -0.1391 -0.6973 -0.7032
vn -0.1633 -0.5408 -0.8251
vn -0.1811 -0.3613 -0.9147
vn -0.1928 -0.1681 -0.9667
vn -0.1987 -0.0000 -0.9801
vn -0.1928 0.1681 -0.9667
vn -0.1811 0.3613 -0.9147
vn -0.1633 0.5408 -0.8251
vn -0.1391 0.6973 -0.7032
vn -0.1095 0.8253 -0.5539
vn -0.0756 0.9205 -0.3833
vn -0.0387 0.9795 -0.1979
vn -0.0762 -0.9794 -0.1869
vn -0.1485 -0.9204 -0.3616
vn -0.2150 -0.8252 -0.5223
vn -0.2730 -0.6971 -0.6629
vn -0.3205 -0.5406 -0.7778
vn -0.3555 -0.3609 -0.8622
vn -0.3781 -0.1675 -0.9105
vn -0.3891 -0.0000 -0.9212
vn -0.3781 0.1675 -0.9105
vn -0.3555 0.3609 -0.8622
vn -0.3205 0.5406 -0.7778
vn -0.2730 0.6971 -0.6629
vn -0.2150 0.8252 -0.5223
vn -0.1485 0.9204 -0.3616
vn -0.0762 0.9794 -0.1869
vn -0.1111 -0.9793 -0.1690
vn -0.2161 -0.9203 -0.3262
vn -0.3126 -0.8250 -0.4708
vn -0.3969 -0.6968 -0.5974
vn -0.4658 -0.5402 -0.7008
vn -0.5165 -0.3604 -0.7767
vn -0.5487 -0.1664 -0.8193
vn -0.5633 -0.0000 -0.8263
vn -0.5487 0.1664 -0.8193
vn -0.5165 0.3604 -0.7767
vn -0.4658 0.5402 -0.7008
vn -0.3969 0.6968 -0.5974
vn -0.3126 0.8250 -0.4708
vn -0.2161 0.9203 -0.3262
vn -0.1111 0.9793 -0.1690
vn -0.1422 -0.9792 -0.1445
vn -0.2758 -0.9201 -0.2782
vn -0.3987 -0.8247 -0.4012
vn -0.5060 -0.6964 -0.5089
vn -0.5937 -0.5397 -0.5969
vn -0.6582 -0.3597 -0.6614
vn -0.6981 -0.1650 -0.6968
vn -0.7145 -0.0000 -0.6997
vn -0.6981 0.1650 -0.6968
vn -0.6582 0.3597 -0.6614
vn -0.5937 0.5397 -0.5969
vn -0.5060 0.6964 -0.5089
vn -0.3987 0.8247 -0.4012
vn -0.2758 0.9201 -0.2782
vn -0.1422 0.9792 -0.1445
vn -0.1683 -0.9791 -0.1142
vn -0.3253 -0.9198 -0.2193
vn -0.4698 -0.8243 -0.3159
vn -0.5960 -0.6959 -0.4005
vn -0.6991 -0.5391 -0.4697
vn -0.7749 -0.3588 -0.5204
vn -0.8207 -0.1634 -0.5475
vn -0.8371 -0.0000 -0.5471
vn -0.8207 0.1634 -0.5475
vn -0.7749 0.3588 -0.5204
vn -0.6991 0.5391 -0.4697
vn -0.5960 0.6959 -0.4005
vn -0.4698 0.8243 -0.3159
vn -0.3253 0.9198 -0.2193
vn -0.1683 0.9791 -0.1142
vn -0.0000 -1.0000 -0.0000
vn -0.1881 -0.9790 -0.0791
vn -0.3626 -0.9196 -0.1515
vn -0.5231 -0.8239 -0.2181
vn -0.6633 -0.6955 -0.2763
vn -0.7778 -0.5385 -0.3240
vn -0.8620 -0.3580 -0.3589
vn -0.9119 -0.1619 -0.3772
vn -0.9269 -0.0000 -0.3752
vn -0.9119 0.1619 -0.3772
vn -0.8620 0.3580 -0.3589
vn -0.7778 0.5385 -0.3240
vn -0.6633 0.6955 -0.2763
vn -0.5231 0.8239 -0.2181
vn -0.3626 0.9196 -0.1515
vn -0.1881 0.9790 -0.0791
vn -0.2005 -0.9789 -0.0405
vn -0.3857 -0.9194 -0.0774
vn -0.5561 -0.8236 -0.1113
vn -0.7050 -0.6951 -0.1410
vn -0.8265 -0.5380 -0.1653
vn -0.9158 -0.3574 -0.1832
vn -0.9681 -0.1607 -0.1924
vn -0.9817 -0.0000 -0.1907
vn -0.9681 0.1607 -0.1924
vn -0.9158 0.3574 -0.1832
vn -0.8265 0.5380 -0.1653
vn -0.7050 0.6951 -0.1410
vn -0.5561 0.8236 -0.1113
vn -0.3857 0.9194 -0.0774
vn -0.2005 0.9789 -0.0405
vn -0.2047 -0.9788 -0.0000
vn -0.3936 -0.9193 -0.0000
vn -0.5673 -0.8235 -0.0000
vn -0.7191 -0.6949 -0.0000
vn -0.8430 -0.5379 -0.0000
vn -0.9341 -0.3571 -0.0000
vn -0.9871 -0.1603 -0.0000
vn -1.0000 -0.0000 -0.0000
vn -0.9871 0.1603 -0.0000
vn -0.9341 0.3571 -0.0000
vn -0.8430 0.5379 -0.0000
vn -0.7191 0.6949 -0.0000
vn -0.5673 0.8235 -0.0000
vn -0.3936 0.9193 -0.0000
vn -0.2047 0.9788 -0.0000
vn -0.2005 -0.9789 0.0405
vn -0.3857 -0.9194 0.0774
vn -0.5561 -0.8236 0.1113
vn -0.7050 -0.6951 0.1410
vn -0.8265 -0.5380 0.1653
vn -0.9158 -0.3574 0.1832
vn -0.9681 -0.1607 0.1924
vn -0.9817 -0.0000 0.1907
vn -0.9681 0.1607 0.1924
vn -0.9158 0.3574 0.1832
vn -0.8265 0.5380 0.1653
vn -0.7050 0.6951 0.1410
vn -0.5561 0.8236 0.1113
vn -0.3857 0.9194 0.0774
vn -0.2005 0.9789 0.0405
vn -0.1881 -0.9790 0.0791
vn -0.3626 -0.9196 0.1515
vn -0.5231 -0.8239 0.2181
vn -0.6633 -0.6955 0.2763
vn -0.7778 -0.5385 0.3240
vn -0.8620 -0.3580 0.3589
vn -0.9119 -0.1619 0.3772
vn -0.9269 -0.0000 0.3752
vn -0.9119 0.1619 0.3772
vn -0.8620 0.3580 0.3589
vn -0.7778 0.5385 0.3240
vn -0.6633 0.6955 0.2763
vn -0.5231 0.8239 0.2181
vn -0.3626 0.9196 0.1515
vn -0.1881 0.9790 0.0791
vn -0.1683 -0.9791 0.1142
vn -0.3253 -0.9198 0.2193
vn -0.4698 -0.8243 0.3159
vn -0.5960 -0.6959 0.4005
vn -0.6991 -0.5391 0.4697
vn -0.7749 -0.3588 0.5204
vn -0.8207 -0.1634 0.5475
vn -0.8371 -0.0000 0.5471
vn -0.8207 0.1634 0.5475
vn -0.7749 0.3588 0.5204
vn -0.6991 0.5391 0.4697
vn -0.5960 0.6959 0.4005
vn -0.4698 0.8243 0.3159
vn -0.3253 0.9198 0.2193
vn -0.1683 0.9791 0.1142
vn -0.1422 -0.9792 0.1445
vn -0.2758 -0.9201 0.2782
vn -0.3987 -0.8247 0.4012
vn -0.5060 -0.6964 0.5089
vn -0.5937 -0.5397 0.5969
vn -0.6582 -0.3597 0.6614
vn -0.6981 -0.1650 0.6968
vn -0.7145 -0.0000 0.6997
vn -0.6981 0.1650 0.6968
vn -0.6582 0.3597 0.6614
vn -0.5937 0.5397 0.5969
vn -0.5060 0.6964 0.5089
vn -0.3987 0.8247 0.4012
vn -0.2758 0.9201 0.2782
vn -0.1422 0.9792 0.1445
vn -0.1111 -0.9793 0.1690
vn -0.2161 -0.9203 0.3262
vn -0.3126 -0.8250 0.4708
vn -0.3969 -0.6968 0.5974
vn -0.4658 -0.5402 0.7008
vn -0.5165 -0.3604 0.7767
vn -0.5487 -0.1664 0.8193
vn -0.5633 -0.0000 0.8263
vn -0.5487 0.1664 0.8193
vn -0.5165 0.3604 0.7767
vn -0.4658 0.5402 0.7008
vn -0.3969 0.6968 0.5974
vn -0.3126 0.8250 0.4708
vn -0.2161 0.9203 0.3262
vn -0.1111 0.9793 0.1690
vn -0.0762 -0.9794 0.1869
vn -0.1485 -0.9204 0.3616
vn -0.2150 -0.8252 0.5223
vn -0.2730 -0.6971 0.6629
vn -0.3205 -0.5406 0.7778
vn -0.3555 -0.3609 0.8622
vn -0.3781 -0.1675 0.9105
vn -0.3891 -0.0000 0.9212
vn -0.3781 0.1675 0.9105
vn -0.3555 0.3609 0.8622
vn -0.3205 0.5406 0.7778
vn -0.2730 0.6971 0.6629
vn -0.2150 0.8252 0.5223
vn -0.1485 0.9204 0.3616
vn -0.0762 0.9794 0.1869
vn -0.0387 -0.9795 0.1979
vn -0.0756 -0.9205 0.3833
vn -0.1095 -0.8253 0.5539
vn -0.1391 -0.6973 0.7032
vn -0.1633 -0.5408 0.8251
vn -0.1811 -0.3613 0.9147
vn -0.1928 -0.1681 0.9667
vn -0.1987 -0.0000 0.9801
vn -0.1928 0.1681 0.9667
vn -0.1811 0.3613 0.9147
vn -0.1633 0.5408 0.8251
vn -0.1391 0.6973 0.7032
vn -0.1095 0.8253 0.5539
vn -0.0756 0.9205 0.3833
vn -0.0387 0.9795 0.1979
vn -0.0000 -0.9795 0.2016
vn -0.0000 -0.9206 0.3906
vn -0.0000 -0.8254 0.5646
vn -0.0000 -0.6974 0.7167
vn -0.0000 -0.5409 0.8411
vn -0.0000 -0.3614 0.9324
vn -0.0000 -0.1684 0.9857
vn -0.0000 -0.0000 1.0000
vn -0.0000 0.1684 0.9857
vn -0.0000 0.3614 0.9324
vn -0.0000 0.5409 0.8411
vn -0.0000 0.6974 0.7167
vn -0.0000 0.8254 0.5646
vn -0.0000 0.9206 0.3906
vn -0.0000 0.9795 0.2016
vn 0.0387 -0.9795 0.1979
vn 0.0756 -0.9205 0.3833
vn 0.1095 -0.8253 0.5539
vn 0.1391 -0.6973 0.7032
vn 0.1633 -0.5408 0.8251
vn 0.1811 -0.3613 0.9147
vn 0.1928 -0.1681 0.9667
vn 0.1987 -0.0000 0.9801
vn 0.1928 0.1681 0.9667
vn 0.1811 0.3613 0.9147
vn 0.1633 0.5408 0.8251
vn 0.1391 0.6973 0.7032
vn 0.1095 0.8253 0.5539
vn 0.0756 0.9205 0.3833
vn 0.0387 0.9795 0.1979
vn 0.0762 -0.9794 0.1869
vn 0.1485 -0.9204 0.3616
vn 0.2150 -0.8252 0.5223
vn 0.2730 -0.6971 0.6629
vn 0.3205 -0.5406 0.7778
vn 0.3555 -0.3609 0.8622
vn 0.3781 -0.1675 0.9105
vn 0.3891 -0.0000 0.9212
vn 0.3781 0.1675 0.9105
vn 0.3555 0.3609 0.8622
vn 0.3205 0.5406 0.7778
vn 0.2730 0.6971 0.6629
vn 0.2150 0.8252 0.5223
vn 0.1485 0.9204 0.3616
vn 0.0762 0.9794 0.1869
vn 0.1111 -0.9793 0.1690
vn 0.2161 -0.9203 0.3262
vn 0.3126 -0.8250 0.4708
vn 0.3969 -0.6968 0.5974
vn 0.4658 -0.5402 0.7008
vn 0.5165 -0.3604 0.7767
vn 0.5487 -0.1664 0.8193
vn 0.5633 -0.0000 0.8263
vn 0.5487 0.1664 0.8193
vn 0.5165 0.3604 0.7767
vn 0.4658 0.5402 0.7008
vn 0.3969 0.6968 0.5974
vn 0.3126 0.8250 0.4708
vn 0.2161 0.9203 0.3262
vn 0.1111 0.9793 0.1690
vn 0.1422 -0.9792 0.1445
vn 0.2758 -0.9201 0.2782
vn 0.3987 -0.8247 0.4012
vn 0.5060 -0.6964 0.5089
vn 0.5937 -0.5397 0.5969
vn 0.6582 -0.3597 0.6614
vn 0.6981 -0.1650 0.6968
vn 0.7145 -0.0000 0.6997
vn 0.6981 0.1650 0.6968
vn 0.6582 0.3597 0.6614
vn 0.5937 0.5397 0.5969
vn 0.5060 0.6964 0.5089
vn 0.3987 0.8247 0.4012
vn 0.2758 0.9201 0.2782
vn 0.1422 0.9792 0.1445
vn -0.0000 1.0000 -0.0000
vn 0.1683 -0.9791 0.1142
vn 0.3253 -0.9198 0.2193
vn 0.4698 -0.8243 0.3159
vn 0.5960 -0.6959 0.4005
vn 0.6991 -0.5391 0.4697
vn 0.7749 -0.3588 0.5204
vn 0.8207 -0.1634 0.5475
vn 0.8371 -0.0000 0.5471
vn 0.8207 0.1634 0.5475
vn 0.7749 0.3588 0.5204
vn 0.6991 0.5391 0.4697
vn 0.5960 0.6959 0.4005
vn 0.4698 0.8243 0.3159
vn 0.3253 0.9198 0.2193
vn 0.1683 0.9791 0.1142
vn 0.1881 -0.9790 0.0791
vn 0.3626 -0.9196 0.1515
vn 0.5231 -0.8239 0.2181
vn 0.6633 -0.6955 0.2763
vn 0.7778 -0.5385 0.3240
vn 0.8620 -0.3580 0.3589
vn 0.9119 -0.1619 0.3772
vn 0.9269 -0.0000 0.3752
vn 0.9119 0.1619 0.3772
vn 0.8620 0.3580 0.3589
vn 0.7778 0.5385 0.3240
vn 0.6633 0.6955 0.2763
vn 0.5231 0.8239 0.2181
vn 0.3626 0.9196 0.1515
vn 0.1881 0.9790 0.0791
vn 0.2005 -0.9789 0.0405
vn 0.3857 -0.9194 0.0774
vn 0.5561 -0.8236 0.1113
vn 0.7050 -0.6951 0.1410
vn 0.8265 -0.5380 0.1653
vn 0.9158 -0.3574 0.1832
vn 0.9681 -0.1607 0.1924
vn 0.9817 -0.0000 0.1907
vn 0.9681 0.1607 0.1924
vn 0.9158 0.3574 0.1832
vn 0.8265 0.5380 0.1653
vn 0.7050 0.6951 0.1410
vn 0.5561 0.8236 0.1113
vn 0.3857 0.9194 0.0774
vn 0.2005 0.9789 0.0405
vn 0.2047 -0.9788 -0.0000
vn 0.3936 -0.9193 -0.0000
vn 0.5673 -0.8235 -0.0000
vn 0.7191 -0.6949 -0.0000
vn 0.8430 -0.5379 -0.0000
vn 0.9341 -0.3571 -0.0000
vn 0.9871 -0.1603 -0.0000
vn 1.0000 -0.0000 -0.0000
vn 0.9871 0.1603 -0.0000
vn 0.9341 0.3571 -0.0000
vn 0.8430 0.5379 -0.0000
vn 0.7191 0.6949 -0.0000
vn 0.5673 0.8235 -0.0000
vn 0.3936 0.9193 -0.0000
vn 0.2047 0.9788 -0.0000
vn 0.2005 -0.9789 -0.0405
vn 0.3857 -0.9194 -0.0774
vn 0.5561 -0.8236 -0.1113
vn 0.7050 -0.6951 -0.1410
vn 0.8265 -0.5380 -0.1653
vn 0.9158 -0.3574 -0.1832
vn 0.9681 -0.1607 -0.1924
vn 0.9817 -0.0000 -0.1907
vn 0.9681 0.1607 -0.1924
vn 0.9158 0.3574 -0.1832
vn 0.8265 0.5380 -0.1653
vn 0.7050 0.6951 -0.1410
vn 0.5561 0.8236 -0.1113
vn 0.3857 0.9194 -0.0774
vn 0.2005 0.9789 -0.0405
vn 0.1881 -0.9790 -0.0791
vn 0.3626 -0.9196 -0.1515
vn 0.5231 -0.8239 -0.2181
vn 0.6633 -0.6955 -0.2763
vn 0.7778 -0.5385 -0.3240
vn 0.8620 -0.3580 -0.3589
vn 0.9119 -0.1619 -0.3772
vn 0.9269 -0.0000 -0.3752
vn 0.9119 0.1619 -0.3772
vn 0.8620 0.3580 -0.3589
vn 0.7778 0.5385 -0.3240
vn 0.6633 0.6955 -0.2763
vn 0.5231 0.8239 -0.2181
vn 0.3626 0.9196 -0.1515
vn 0.1881 0.9790 -0.0791
vn 0.1683 -0.9791 -0.1142
vn 0.3253 -0.9198 -0.2193
vn 0.4698 -0.8243 -0.3159
vn 0.5960 -0.6959 -0.4005
vn 0.6991 -0.5391 -0.4697
vn 0.7749 -0.3588 -0.5204
vn 0.8207 -0.1634 -0.5475
vn 0.8371 -0.0000 -0.5471
vn 0.8207 0.1634 -0.5475
vn 0.7749 0.3588 -0.5204
vn 0.6991 0.5391 -0.4697
vn 0.5960 0.6959 -0.4005
vn 0.4698 0.8243 -0.3159
vn 0.3253 0.9198 -0.2193
vn 0.1683 0.9791 -0.1142
vn 0.1422 -0.9792 -0.1445
vn 0.2758 -0.9201 -0.2782
vn 0.3987 -0.8247 -0.4012
vn 0.5060 -0.6964 -0.5089
vn 0.5937 -0.5397 -0.5969
vn 0.6582 -0.3597 -0.6614
vn 0.6981 -0.1650 -0.6968
vn 0.7145 -0.0000 -0.6997
vn 0.6981 0.1650 -0.6968
vn 0.6582 0.3597 -0.6614
vn 0.5937 0.5397 -0.5969
vn 0.5060 0.6964 -0.5089
vn 0.3987 0.8247 -0.4012
vn 0.2758 0.9201 -0.2782
vn 0.1422 0.9792 -0.1445
vn 0.1111 -0.9793 -0.1690
vn 0.2161 -0.9203 -0.3262
vn 0.3126 -0.8250 -0.4708
vn 0.3969 -0.6968 -0.5974
vn 0.4658 -0.5402 -0.7008
vn 0.5165 -0.3604 -0.7767
vn 0.5487 -0.1664 -0.8193
vn 0.5633 -0.0000 -0.8263
vn 0.5487 0.1664 -0.8193
vn 0.5165 0.3604 -0.7767
vn 0.4658 0.5402 -0.7008
vn 0.3969 0.6968 -0.5974
vn 0.3126 0.8250 -0.4708
vn 0.2161 0.9203 -0.3262
vn 0.1111 0.9793 -0.1690
vn 0.0762 -0.9794 -0.1869
vn 0.1485 -0.9204 -0.3616
vn 0.2150 -0.8252 -0.5223
vn 0.2730 -0.6971 -0.6629
vn 0.3205 -0.5406 -0.7778
vn 0.3555 -0.3609 -0.8622
vn 0.3781 -0.1675 -0.9105
vn 0.3891 -0.0000 -0.9212
vn 0.3781 0.1675 -0.9105
vn 0.3555 0.3609 -0.8622
vn 0.3205 0.5406 -0.7778
vn 0.2730 0.6971 -0.6629
vn 0.2150 0.8252 -0.5223
vn 0.1485 0.9204 -0.3616
vn 0.0762 0.9794 -0.1869
vn 0.0387 -0.9795 -0.1979
vn 0.0756 -0.9205 -0.3833
vn 0.1095 -0.8253 -0.5539
vn 0.1391 -0.6973 -0.7032
vn 0.1633 -0.5408 -0.8251
vn 0.1811 -0.3613 -0.9147
vn 0.1928 -0.1681 -0.9667
vn 0.1987 -0.0000 -0.9801
vn 0.1928 0.1681 -0.9667
vn 0.1811 0.3613 -0.9147
vn 0.1633 0.5408 -0.8251
vn 0.1391 0.6973 -0.7032
vn 0.1095 0.8253 -0.5539
vn 0.0756 0.9205 -0.3833
vn 0.0387 0.9795 -0.1979
vn -0.0000 -0.9795 -0.2016
vn -0.0000 -0.9206 -0.3906
vn -0.0000 -0.6974 -0.7167
vn -0.0000 -0.3614 -0.9324
vn -0.0000 0.3614 -0.9324
vn -0.0000 0.6974 -0.7167
vn -0.0000 0.8254 -0.5646
vn -0.0000 0.9206 -0.3906
vn -0.0000 0.9795 -0.2016
vt 0.394582 0.625726
vt 0.410722 0.793256
vt 0.394582 0.793256
vt 0.410722 0.625726
vt 0.425963 0.793256
vt 0.425963 0.625726
vt 0.439719 0.793256
vt 0.439719 0.625726
vt 0.451461 0.793256
vt 0.118015 0.792449
vt 0.131668 0.959979
vt 0.118015 0.959979
vt 0.131668 0.792449
vt 0.146839 0.959979
vt 0.146839 0.792449
vt 0.162944 0.959979
vt 0.162944 0.792449
vt 0.179365 0.959979
vt 0.179365 0.792449
vt 0.195470 0.959979
vt 0.195470 0.792449
vt 0.210641 0.959979
vt 0.210641 0.792449
vt 0.224295 0.959979
vt 0.224295 0.792449
vt 0.235906 0.959979
vt 0.000000 0.792449
vt 0.011742 0.959979
vt 0.000000 0.959979
vt 0.011742 0.792449
vt 0.025498 0.959979
vt 0.025498 0.792449
vt 0.040739 0.959979
vt 0.040739 0.792449
vt 0.056879 0.959979
vt 0.056879 0.792449
vt 0.073299 0.959979
vt 0.073299 0.792449
vt 0.089367 0.959979
vt 0.089367 0.792449
vt 0.104466 0.959979
vt 0.104466 0.792449
vt 0.118015 0.959979
vt 0.333446 0.793256
vt 0.347100 0.960785
vt 0.333446 0.960785
vt 0.347100 0.793256
vt 0.362270 0.960785
vt 0.362270 0.793256
vt 0.378376 0.960785
vt 0.378376 0.793256
vt 0.394796 0.960785
vt 0.394796 0.793256
vt 0.410902 0.960785
vt 0.410902 0.793256
vt 0.426073 0.960785
vt 0.426073 0.793256
vt 0.439726 0.960785
vt 0.439726 0.793256
vt 0.451337 0.960785
vt 0.333446 0.625726
vt 0.346996 0.793256
vt 0.333446 0.793256
vt 0.346996 0.625726
vt 0.362094 0.793256
vt 0.122848 0.635213
vt 0.157236 0.748574
vt 0.043875 0.782961
vt 0.362094 0.625726
vt 0.378162 0.793256
vt 0.378162 0.625726
vt 0.303225 0.644336
vt 0.314836 0.762227
vt 0.196945 0.773838
vt 0.482685 0.331200
vt 0.459945 0.387299
vt 0.468682 0.330136
vt 0.587318 0.323250
vt 0.633479 0.343695
vt 0.592571 0.357624
vt 0.438080 0.379854
vt 0.445942 0.328408
vt 0.550029 0.326083
vt 0.556715 0.369833
vt 0.408654 0.369834
vt 0.415340 0.326083
vt 0.519427 0.328408
vt 0.527290 0.379853
vt 0.372798 0.357625
vt 0.378052 0.323250
vt 0.496688 0.330135
vt 0.505424 0.387299
vt 0.331891 0.343695
vt 0.335509 0.320018
vt 0.482685 0.331199
vt 0.491959 0.391883
vt 0.287503 0.328581
vt 0.289348 0.316510
vt 0.991342 0.219088
vt 0.982685 0.158922
vt 0.991342 0.157323
vt 0.676021 0.316510
vt 0.724027 0.312863
vt 0.677866 0.328581
vt 0.241342 0.312863
vt 1.000000 0.158922
vt 1.000000 0.219500
vt 0.629860 0.320017
vt 0.283885 0.340048
vt 1.000000 0.101478
vt 0.681485 0.340048
vt 0.640577 0.366188
vt 0.473410 0.391884
vt 0.442808 0.441602
vt 0.602877 0.390279
vt 0.422656 0.428725
vt 0.569832 0.411395
vt 0.395537 0.411395
vt 0.542713 0.428724
vt 0.362493 0.390279
vt 0.522561 0.441601
vt 0.324792 0.366188
vt 0.510152 0.449531
vt 0.982685 0.101478
vt 0.991342 0.098755
vt 0.347531 0.419959
vt 0.565104 0.473143
vt 0.547441 0.490957
vt 0.314487 0.386632
vt 0.536564 0.501926
vt 0.278631 0.350470
vt 0.982685 0.049377
vt 0.991342 0.045633
vt 0.686738 0.350470
vt 1.000000 0.049377
vt 0.650883 0.386632
vt 0.455217 0.449531
vt 0.417928 0.490957
vt 0.617838 0.419959
vt 0.400265 0.473143
vt 0.588874 0.449170
vt 0.376495 0.449170
vt 0.693425 0.359447
vt 0.663999 0.404241
vt 0.428805 0.501927
vt 0.386262 0.533468
vt 0.636880 0.445523
vt 0.371767 0.511403
vt 0.613110 0.481707
vt 0.352259 0.481707
vt 0.593602 0.511402
vt 0.328489 0.445523
vt 0.579107 0.533468
vt 0.301370 0.404241
vt 0.570180 0.547056
vt 0.271944 0.359447
vt 0.982685 0.004621
vt 0.991342 -0.000000
vt 1.000000 0.004621
vt 0.627113 0.542032
vt 0.616341 0.567502
vt 0.285947 0.418338
vt 0.609709 0.583186
vt 0.264082 0.366633
vt 0.460119 0.939728
vt 0.451461 0.896491
vt 0.460119 0.898612
vt 0.701288 0.366633
vt 0.468776 0.896491
vt 0.468776 0.936817
vt 0.679422 0.418338
vt 0.395189 0.547056
vt 0.349027 0.567502
vt 0.659271 0.465989
vt 0.338256 0.542032
vt 0.641608 0.507755
vt 0.323761 0.507755
vt 0.306098 0.465989
vt 0.355660 0.583186
vt 0.307654 0.591750
vt 0.696559 0.428382
vt 0.684150 0.480570
vt 0.301021 0.563854
vt 0.673274 0.526314
vt 0.292095 0.526314
vt 0.664347 0.563854
vt 0.281219 0.480570
vt 0.657714 0.591750
vt 0.268810 0.428382
vt 0.653630 0.608928
vt 0.255345 0.371754
vt 0.451461 0.852006
vt 0.460119 0.853255
vt 0.710024 0.371754
vt 0.468776 0.852006
vt 0.250617 0.433986
vt 0.701636 0.605280
vt 0.700257 0.623291
vt 0.246070 0.374611
vt 0.451461 0.805070
vt 0.460119 0.805399
vt 0.719299 0.374611
vt 0.468776 0.805070
vt 0.714752 0.433986
vt 0.311739 0.608928
vt 0.263733 0.605280
vt 0.710562 0.488707
vt 0.261493 0.576032
vt 0.706890 0.536669
vt 0.258479 0.536669
vt 0.703876 0.576032
vt 0.254807 0.488707
vt 0.733302 0.434936
vt 0.737492 0.490085
vt 0.221190 0.578095
vt 0.741164 0.538424
vt 0.224205 0.538424
vt 0.744178 0.578095
vt 0.227877 0.490085
vt 0.746418 0.607573
vt 0.232067 0.434936
vt 0.747797 0.625726
vt 0.236614 0.375095
vt 0.451461 0.757487
vt 0.460119 0.756884
vt 0.728755 0.375095
vt 0.468776 0.757487
vt 0.265112 0.623291
vt 0.218951 0.607573
vt 0.794424 0.616137
vt 0.213875 0.431194
vt 0.227339 0.373188
vt 0.460119 0.709574
vt 0.738030 0.373188
vt 0.468776 0.711086
vt 0.751495 0.431195
vt 0.170945 0.616137
vt 0.175029 0.598541
vt 0.763904 0.484654
vt 0.181662 0.569966
vt 0.774780 0.531511
vt 0.190589 0.531511
vt 0.783707 0.569966
vt 0.201465 0.484654
vt 0.790339 0.598541
vt 0.133656 0.578530
vt 0.144427 0.551957
vt 0.806446 0.516196
vt 0.158923 0.516195
vt 0.820942 0.551957
vt 0.176586 0.472620
vt 0.831713 0.578530
vt 0.196737 0.422906
vt 0.838345 0.594894
vt 0.218603 0.368962
vt 0.451461 0.711086
vt 0.460119 0.665287
vt 0.746766 0.368962
vt 0.468776 0.667650
vt 0.768632 0.422906
vt 0.127023 0.594893
vt 0.788783 0.472620
vt 0.181314 0.410388
vt 0.210740 0.362581
vt 0.451461 0.667650
vt 0.460119 0.625726
vt 0.754629 0.362581
vt 0.468776 0.628848
vt 0.784055 0.410388
vt 0.087495 0.562811
vt 0.096421 0.548309
vt 0.811174 0.454448
vt 0.110917 0.524759
vt 0.834944 0.493066
vt 0.130425 0.493066
vt 0.854452 0.524759
vt 0.154195 0.454447
vt 0.868947 0.548310
vt 0.877874 0.562812
vt 0.082419 0.489418
vt 0.106189 0.463011
vt 0.882950 0.489419
vt 0.135153 0.430833
vt 0.900613 0.509041
vt 0.168198 0.394122
vt 0.911490 0.521125
vt 0.204054 0.354289
vt 0.965369 0.524668
vt 0.974027 0.493597
vt 0.974027 0.529988
vt 0.761316 0.354289
vt 0.982685 0.524668
vt 0.982685 0.488976
vt 0.797171 0.394123
vt 0.053879 0.521124
vt 0.064756 0.509041
vt 0.830216 0.430834
vt 0.859180 0.463011
vt 0.766569 0.344405
vt 0.198800 0.344405
vt 0.974027 0.447964
vt 0.982685 0.444220
vt 0.807477 0.374734
vt 0.027467 0.471434
vt 0.039876 0.462233
vt 0.845177 0.402686
vt 0.060028 0.447293
vt 0.878222 0.427186
vt 0.087147 0.427186
vt 0.905341 0.447293
vt 0.120192 0.402686
vt 0.925493 0.462234
vt 0.157892 0.374734
vt 0.937902 0.471434
vt 0.965369 0.488976
vt 0.920764 0.400001
vt 0.074031 0.386968
vt 0.109886 0.371087
vt 0.942630 0.409686
vt 0.150794 0.352968
vt 0.956095 0.415650
vt 0.195181 0.333308
vt 0.965369 0.444220
vt 0.974027 0.394842
vt 0.770188 0.333308
vt 0.982685 0.392119
vt 0.814575 0.352968
vt 0.009275 0.415649
vt 0.022739 0.409686
vt 0.855483 0.371087
vt 0.044605 0.400001
vt 0.891338 0.386968
vt 0.974027 0.336273
vt 0.982685 0.334675
vt 0.818194 0.329661
vt 0.000000 0.355915
vt 0.014003 0.353417
vt 0.860736 0.337250
vt 0.036742 0.349361
vt 0.898025 0.343902
vt 0.067344 0.343902
vt 0.928627 0.349361
vt 0.104633 0.337250
vt 0.951366 0.353418
vt 0.147175 0.329661
vt 0.965369 0.355915
vt 0.193336 0.321426
vt 0.965369 0.392119
vt 0.772033 0.321427
vt 0.067344 0.299643
vt 0.104633 0.302476
vt 0.951366 0.295590
vt 0.147175 0.305708
vt 0.965369 0.294527
vt 0.193336 0.309215
vt 0.965369 0.334675
vt 0.974027 0.274508
vt 0.772033 0.309216
vt 0.982685 0.274097
vt 0.818194 0.305708
vt 0.000000 0.294526
vt 0.014003 0.295590
vt 0.860736 0.302476
vt 0.036742 0.297318
vt 0.898025 0.299643
vt 0.928627 0.297318
vt 0.770188 0.297145
vt 0.814575 0.282031
vt 0.022740 0.238427
vt 0.855483 0.268101
vt 0.044605 0.245872
vt 0.891338 0.255892
vt 0.074031 0.255892
vt 0.920764 0.245873
vt 0.109887 0.268101
vt 0.942630 0.238427
vt 0.150794 0.282030
vt 0.956095 0.233842
vt 0.195181 0.297145
vt 0.965369 0.212712
vt 0.974027 0.211921
vt 0.982685 0.212712
vt 0.905341 0.197001
vt 0.925493 0.184124
vt 0.157893 0.259537
vt 0.937902 0.176195
vt 0.198800 0.285678
vt 0.965369 0.152879
vt 0.974027 0.150916
vt 0.766569 0.285678
vt 0.982685 0.152879
vt 0.807477 0.259538
vt 0.009275 0.233842
vt 0.039877 0.184124
vt 0.845177 0.235447
vt 0.060028 0.197001
vt 0.878222 0.214331
vt 0.087147 0.214330
vt 0.120192 0.235446
vt 0.027468 0.176194
vt 0.064757 0.134769
vt 0.797171 0.239094
vt 0.830216 0.205767
vt 0.082419 0.152582
vt 0.859180 0.176556
vt 0.106190 0.176555
vt 0.882950 0.152583
vt 0.135154 0.205767
vt 0.900613 0.134769
vt 0.168198 0.239094
vt 0.911490 0.123799
vt 0.204054 0.275256
vt 0.965369 0.096897
vt 0.974027 0.093837
vt 0.761316 0.275256
vt 0.982685 0.096897
vt 0.181315 0.221485
vt 0.868947 0.092258
vt 0.877874 0.078670
vt 0.210740 0.266279
vt 0.965369 0.046919
vt 0.974027 0.042879
vt 0.754629 0.266279
vt 0.982685 0.046919
vt 0.784055 0.221485
vt 0.053880 0.123799
vt 0.096422 0.092257
vt 0.811174 0.180203
vt 0.110918 0.114323
vt 0.834944 0.144019
vt 0.130425 0.144019
vt 0.854452 0.114323
vt 0.154196 0.180203
vt 0.144428 0.083694
vt 0.788783 0.159737
vt 0.806446 0.117971
vt 0.158924 0.117971
vt 0.820941 0.083694
vt 0.176587 0.159737
vt 0.831713 0.058224
vt 0.196738 0.207388
vt 0.838345 0.042540
vt 0.218603 0.259092
vt 0.965369 0.004863
vt 0.974027 -0.000000
vt 0.746766 0.259092
vt 0.982685 0.004863
vt 0.768632 0.207388
vt 0.087496 0.078669
vt 0.133657 0.058224
vt 0.227340 0.253972
vt 0.974027 0.802874
vt 0.965369 0.756268
vt 0.974027 0.757517
vt 0.738030 0.253972
vt 0.982685 0.756268
vt 0.982685 0.800753
vt 0.751495 0.197344
vt 0.127025 0.042539
vt 0.175030 0.033976
vt 0.763904 0.145156
vt 0.181663 0.061871
vt 0.774780 0.099412
vt 0.190589 0.099412
vt 0.783707 0.061871
vt 0.201466 0.145156
vt 0.790339 0.033976
vt 0.213875 0.197344
vt 0.794424 0.016798
vt 0.737492 0.137019
vt 0.741164 0.089056
vt 0.224206 0.089056
vt 0.744178 0.049694
vt 0.227878 0.137019
vt 0.746418 0.020446
vt 0.232068 0.191740
vt 0.747797 0.002434
vt 0.236614 0.251115
vt 0.965369 0.709332
vt 0.974027 0.709661
vt 0.728755 0.251115
vt 0.982685 0.709332
vt 0.733302 0.191740
vt 0.170946 0.016798
vt 0.218952 0.020445
vt 0.221192 0.049694
vt 0.965369 0.661749
vt 0.974027 0.661146
vt 0.719299 0.250631
vt 0.246071 0.250631
vt 0.982685 0.661749
vt 0.714752 0.190790
vt 0.217573 0.002434
vt 0.263734 0.018152
vt 0.710562 0.135640
vt 0.261494 0.047631
vt 0.706890 0.087301
vt 0.258480 0.087301
vt 0.703876 0.047631
vt 0.254807 0.135640
vt 0.701636 0.018152
vt 0.250617 0.190790
vt 0.700257 0.000000
vt 0.301023 0.055760
vt 0.292096 0.094214
vt 0.664347 0.055760
vt 0.281219 0.141072
vt 0.657715 0.027185
vt 0.268810 0.194531
vt 0.653630 0.009589
vt 0.255345 0.252538
vt 0.974027 0.613836
vt 0.710024 0.252538
vt 0.982685 0.615348
vt 0.696559 0.194531
vt 0.311740 0.009589
vt 0.307655 0.027185
vt 0.684150 0.141072
vt 0.673274 0.094214
vt 0.701288 0.256764
vt 0.264082 0.256764
vt 0.974027 0.569550
vt 0.982685 0.571912
vt 0.679422 0.202820
vt 0.355661 0.030833
vt 0.349029 0.047196
vt 0.659271 0.153105
vt 0.338257 0.073769
vt 0.641608 0.109530
vt 0.323762 0.109530
vt 0.627113 0.073769
vt 0.306099 0.153106
vt 0.616341 0.047196
vt 0.285947 0.202820
vt 0.609709 0.030832
vt 0.965369 0.615348
vt 0.593602 0.100967
vt 0.352260 0.132660
vt 0.328490 0.171278
vt 0.579107 0.077416
vt 0.301371 0.215338
vt 0.570180 0.062914
vt 0.271944 0.263145
vt 0.965369 0.571912
vt 0.974027 0.529988
vt 0.693425 0.263145
vt 0.982685 0.533110
vt 0.663999 0.215338
vt 0.395190 0.062914
vt 0.386263 0.077416
vt 0.636880 0.171278
vt 0.371768 0.100967
vt 0.613110 0.132660
vt 1.000000 0.488734
vt 0.991342 0.450717
vt 1.000000 0.446678
vt 0.650883 0.231603
vt 0.428806 0.104602
vt 0.417929 0.116685
vt 0.617838 0.194892
vt 0.400266 0.136307
vt 0.588874 0.162714
vt 0.376496 0.162715
vt 0.565104 0.136307
vt 0.347532 0.194892
vt 0.547441 0.116685
vt 0.314487 0.231603
vt 0.536564 0.104601
vt 0.278631 0.271437
vt 0.982685 0.488734
vt 0.991342 0.493597
vt 0.686738 0.271437
vt 0.395538 0.198540
vt 0.362493 0.223040
vt 0.522561 0.163492
vt 0.324792 0.250992
vt 0.510152 0.154292
vt 0.283885 0.281321
vt 0.982685 0.446678
vt 0.991342 0.399759
vt 0.681485 0.281321
vt 1.000000 0.396699
vt 0.640577 0.250991
vt 0.455217 0.154292
vt 0.442808 0.163492
vt 0.602877 0.223040
vt 0.422657 0.178433
vt 0.569832 0.198539
vt 0.542713 0.178433
vt 0.473410 0.210076
vt 0.459945 0.216040
vt 0.592571 0.254639
vt 0.438080 0.225725
vt 0.556716 0.238758
vt 0.408654 0.238758
vt 0.527290 0.225724
vt 0.372798 0.254639
vt 0.505424 0.216040
vt 0.331891 0.272758
vt 0.491959 0.210076
vt 0.287504 0.292417
vt 0.982685 0.396699
vt 0.991342 0.342681
vt 0.677866 0.292417
vt 1.000000 0.340718
vt 0.633479 0.272757
vt 0.378052 0.288476
vt 0.335509 0.296065
vt 0.482685 0.269810
vt 0.289348 0.304299
vt 0.982685 0.340718
vt 0.991342 0.281676
vt 0.676021 0.304299
vt 1.000000 0.280885
vt 0.629860 0.296065
vt 0.482685 0.269811
vt 0.468682 0.272309
vt 0.587318 0.288476
vt 0.445942 0.276365
vt 0.550029 0.281824
vt 0.415341 0.281824
vt 0.519427 0.276365
vt 0.496688 0.272308
vt 0.982685 0.280885
vt 0.451461 0.625726
vt 0.235906 0.792449
vt 0.118015 0.792449
vt 0.451337 0.793256
vt 0.030222 0.773838
vt 0.018610 0.762227
vt 0.009488 0.748574
vt 0.003204 0.733403
vt 0.000000 0.717298
vt 0.000000 0.700877
vt 0.003204 0.684772
vt 0.009488 0.669601
vt 0.018610 0.655947
vt 0.030222 0.644336
vt 0.043875 0.635213
vt 0.059046 0.628929
vt 0.075151 0.625726
vt 0.091572 0.625726
vt 0.107677 0.628929
vt 0.136501 0.644336
vt 0.148113 0.655947
vt 0.157236 0.669601
vt 0.163520 0.684772
vt 0.166723 0.700877
vt 0.166723 0.717298
vt 0.163520 0.733403
vt 0.148113 0.762227
vt 0.136501 0.773838
vt 0.122848 0.782961
vt 0.107677 0.789245
vt 0.091572 0.792449
vt 0.075151 0.792449
vt 0.059046 0.789245
vt 0.185334 0.762227
vt 0.176211 0.748574
vt 0.169927 0.733403
vt 0.166723 0.717298
vt 0.166723 0.700877
vt 0.169927 0.684772
vt 0.176211 0.669601
vt 0.185334 0.655947
vt 0.196945 0.644336
vt 0.210598 0.635213
vt 0.225769 0.628929
vt 0.241874 0.625726
vt 0.258295 0.625726
vt 0.274400 0.628929
vt 0.289571 0.635213
vt 0.314836 0.655947
vt 0.323959 0.669601
vt 0.330243 0.684772
vt 0.333446 0.700877
vt 0.333446 0.717298
vt 0.330243 0.733403
vt 0.323959 0.748574
vt 0.303225 0.773838
vt 0.289571 0.782961
vt 0.274400 0.789245
vt 0.258295 0.792449
vt 0.241874 0.792449
vt 0.225769 0.789245
vt 0.210598 0.782961
vt 0.982685 0.219500
vt 0.451461 0.936817
vt 0.217572 0.625726
vt 0.451461 0.628848
vt 0.965369 0.274097
vt 0.965369 0.800753
vt 0.265113 0.000000
vt 0.965369 0.533110
s 1
f 2/1/2 3/2/3 1/3/1
f 4/4/4 5/5/5 3/2/3
f 6/6/6 7/7/7 5/5/5
f 8/8/8 9/9/9 7/7/7
f 10/10/10 11/11/11 9/12/9
f 12/13/12 13/14/13 11/11/11
f 14/15/14 15/16/15 13/14/13
f 16/17/16 17/18/17 15/16/15
f 18/19/18 19/20/19 17/18/17
f 20/21/20 21/22/21 19/20/19
f 22/23/22 23/24/23 21/22/21
f 24/25/24 25/26/25 23/24/23
f 26/27/26 27/28/27 25/29/25
f 28/30/28 29/31/29 27/28/27
f 30/32/30 31/33/31 29/31/29
f 32/34/32 33/35/33 31/33/31
f 34/36/34 35/37/35 33/35/33
f 36/38/36 37/39/37 35/37/35
f 38/40/38 39/41/39 37/39/37
f 40/42/40 41/43/41 39/41/39
f 42/44/42 43/45/43 41/46/41
f 44/47/44 45/48/45 43/45/43
f 46/49/46 47/50/47 45/48/45
f 48/51/48 49/52/49 47/50/47
f 50/53/50 51/54/51 49/52/49
f 52/55/52 53/56/53 51/54/51
f 54/57/54 55/58/55 53/56/53
f 56/59/56 57/60/57 55/58/55
f 58/61/58 59/62/59 57/63/57
f 60/64/60 61/65/61 59/62/59
f 38/66/38 22/67/22 6/68/6
f 62/69/62 63/70/63 61/65/61
f 64/71/64 1/3/1 63/70/63
f 31/72/31 47/73/47 63/74/63
f 69/75/69 80/76/80 542/77/542
f 65/78/65 72/79/72 73/80/73
f 542/77/542 81/81/81 70/82/70
f 540/83/540 73/80/73 74/84/74
f 70/82/70 82/85/82 543/86/543
f 66/87/66 74/84/74 75/88/75
f 543/86/543 83/89/83 544/90/544
f 541/91/541 75/88/75 76/92/76
f 544/90/544 84/93/84 545/94/545
f 67/95/67 76/92/76 77/96/77
f 545/94/545 85/97/85 546/98/546
f 68/99/68 77/100/77 78/101/78
f 538/102/538 146/103/146 71/104/71
f 372/105/372 546/98/546 85/97/85
f 68/99/68 79/106/79 69/107/69
f 539/108/539 71/104/71 72/79/72
f 372/105/372 85/97/85 100/109/100
f 78/101/78 94/110/94 79/106/79
f 72/79/72 86/111/86 87/112/87
f 79/113/79 95/114/95 80/76/80
f 73/80/73 87/112/87 88/115/88
f 80/76/80 96/116/96 81/81/81
f 74/84/74 88/115/88 89/117/89
f 81/81/81 97/118/97 82/85/82
f 75/88/75 89/117/89 90/119/90
f 82/85/82 98/120/98 83/89/83
f 76/92/76 90/119/90 91/121/91
f 83/89/83 99/122/99 84/93/84
f 77/96/77 91/121/91 92/123/92
f 84/93/84 100/109/100 85/97/85
f 78/101/78 92/124/92 93/125/93
f 71/104/71 146/103/146 86/111/86
f 97/118/97 113/126/113 98/120/98
f 91/121/91 105/127/105 106/128/106
f 98/120/98 114/129/114 99/122/99
f 92/123/92 106/128/106 107/130/107
f 99/122/99 115/131/115 100/109/100
f 93/125/93 107/132/107 108/133/108
f 86/111/86 146/103/146 101/134/101
f 372/105/372 100/109/100 115/131/115
f 93/125/93 109/135/109 94/110/94
f 87/112/87 101/134/101 102/136/102
f 94/137/94 110/138/110 95/114/95
f 88/115/88 102/136/102 103/139/103
f 95/114/95 111/140/111 96/116/96
f 89/117/89 103/139/103 104/141/104
f 96/116/96 112/142/112 97/118/97
f 90/119/90 104/141/104 105/127/105
f 102/136/102 116/143/116 117/144/117
f 109/145/109 125/146/125 110/138/110
f 103/139/103 117/144/117 118/147/118
f 110/138/110 126/148/126 111/140/111
f 104/141/104 118/147/118 119/149/119
f 111/140/111 127/150/127 112/142/112
f 105/127/105 119/149/119 120/151/120
f 112/142/112 128/152/128 113/126/113
f 106/128/106 120/151/120 121/153/121
f 113/126/113 129/154/129 114/129/114
f 107/130/107 121/153/121 122/155/122
f 114/129/114 130/156/130 115/131/115
f 108/133/108 122/157/122 123/158/123
f 101/134/101 146/103/146 116/143/116
f 372/105/372 115/131/115 130/156/130
f 108/133/108 124/159/124 109/135/109
f 121/153/121 135/160/135 136/161/136
f 128/152/128 144/162/144 129/154/129
f 122/155/122 136/161/136 137/163/137
f 129/154/129 145/164/145 130/156/130
f 123/165/123 137/166/137 138/167/138
f 116/143/116 146/103/146 131/168/131
f 372/105/372 130/156/130 145/164/145
f 123/165/123 139/169/139 124/170/124
f 117/144/117 131/168/131 132/171/132
f 124/172/124 140/173/140 125/146/125
f 118/147/118 132/171/132 133/174/133
f 125/146/125 141/175/141 126/148/126
f 119/149/119 133/174/133 134/176/134
f 126/148/126 142/177/142 127/150/127
f 120/151/120 134/176/134 135/160/135
f 127/150/127 143/178/143 128/152/128
f 139/179/139 156/180/156 140/173/140
f 133/174/133 148/181/148 149/182/149
f 140/173/140 157/183/157 141/175/141
f 134/176/134 149/182/149 150/184/150
f 141/175/141 158/185/158 142/177/142
f 135/160/135 150/184/150 151/186/151
f 142/177/142 159/187/159 143/178/143
f 136/161/136 151/186/151 152/188/152
f 143/178/143 160/189/160 144/162/144
f 137/163/137 152/188/152 153/190/153
f 144/162/144 161/191/161 145/164/145
f 138/167/138 153/192/153 154/193/154
f 131/168/131 146/103/146 147/194/147
f 372/105/372 145/164/145 161/191/161
f 138/167/138 155/195/155 139/169/139
f 132/171/132 147/194/147 148/181/148
f 159/187/159 175/196/175 160/189/160
f 153/190/153 167/197/167 168/198/168
f 160/189/160 176/199/176 161/191/161
f 154/193/154 168/200/168 169/201/169
f 147/194/147 146/103/146 162/202/162
f 372/105/372 161/191/161 176/199/176
f 154/193/154 170/203/170 155/195/155
f 148/181/148 162/202/162 163/204/163
f 155/205/155 171/206/171 156/180/156
f 149/182/149 163/204/163 164/207/164
f 156/180/156 172/208/172 157/183/157
f 150/184/150 164/207/164 165/209/165
f 157/183/157 173/210/173 158/185/158
f 151/186/151 165/209/165 166/211/166
f 158/185/158 174/212/174 159/187/159
f 152/188/152 166/211/166 167/197/167
f 164/207/164 178/213/178 179/214/179
f 171/206/171 187/215/187 172/208/172
f 165/209/165 179/214/179 180/216/180
f 172/208/172 188/217/188 173/210/173
f 166/211/166 180/216/180 181/218/181
f 173/210/173 189/219/189 174/212/174
f 167/197/167 181/218/181 182/220/182
f 174/212/174 190/221/190 175/196/175
f 168/198/168 182/220/182 183/222/183
f 175/196/175 191/223/191 176/199/176
f 169/201/169 183/224/183 184/225/184
f 162/202/162 146/103/146 177/226/177
f 372/105/372 176/199/176 191/223/191
f 169/201/169 185/227/185 170/203/170
f 163/204/163 177/226/177 178/213/178
f 170/228/170 186/229/186 171/206/171
f 182/220/182 198/230/198 183/222/183
f 191/223/191 205/231/205 206/232/206
f 183/224/183 199/233/199 184/225/184
f 177/226/177 146/103/146 192/234/192
f 372/105/372 191/223/191 206/232/206
f 185/227/185 199/233/199 200/235/200
f 177/226/177 193/236/193 178/213/178
f 186/229/186 200/237/200 201/238/201
f 178/213/178 194/239/194 179/214/179
f 187/215/187 201/238/201 202/240/202
f 179/214/179 195/241/195 180/216/180
f 188/217/188 202/240/202 203/242/203
f 180/216/180 196/243/196 181/218/181
f 189/219/189 203/242/203 204/244/204
f 181/218/181 197/245/197 182/220/182
f 190/221/190 204/244/204 205/231/205
f 202/240/202 216/246/216 217/247/217
f 194/239/194 210/248/210 195/241/195
f 203/242/203 217/247/217 218/249/218
f 195/241/195 211/250/211 196/243/196
f 204/244/204 218/249/218 219/251/219
f 196/243/196 212/252/212 197/245/197
f 205/231/205 219/251/219 220/253/220
f 197/245/197 213/254/213 198/230/198
f 206/232/206 220/253/220 221/255/221
f 198/256/198 214/257/214 199/233/199
f 192/234/192 146/103/146 207/258/207
f 372/105/372 206/232/206 221/255/221
f 200/235/200 214/257/214 215/259/215
f 192/234/192 208/260/208 193/236/193
f 201/238/201 215/261/215 216/246/216
f 193/236/193 209/262/209 194/239/194
f 221/255/221 235/263/235 236/264/236
f 213/265/213 229/266/229 214/257/214
f 207/258/207 146/103/146 222/267/222
f 372/105/372 221/255/221 236/264/236
f 215/259/215 229/266/229 230/268/230
f 207/258/207 223/269/223 208/260/208
f 216/246/216 230/270/230 231/271/231
f 208/260/208 224/272/224 209/262/209
f 217/247/217 231/271/231 232/273/232
f 209/262/209 225/274/225 210/248/210
f 218/249/218 232/273/232 233/275/233
f 210/248/210 226/276/226 211/250/211
f 219/251/219 233/275/233 234/277/234
f 211/250/211 227/278/227 212/252/212
f 220/253/220 234/277/234 235/263/235
f 212/252/212 228/279/228 213/254/213
f 233/275/233 247/280/247 248/281/248
f 225/274/225 241/282/241 226/276/226
f 234/277/234 248/281/248 249/283/249
f 226/276/226 242/284/242 227/278/227
f 235/263/235 249/283/249 250/285/250
f 227/278/227 243/286/243 228/279/228
f 236/264/236 250/285/250 251/287/251
f 228/288/228 244/289/244 229/290/229
f 222/267/222 146/103/146 237/291/237
f 372/105/372 236/264/236 251/287/251
f 230/292/230 244/289/244 245/293/245
f 222/267/222 238/294/238 223/269/223
f 231/271/231 245/295/245 246/296/246
f 223/269/223 239/297/239 224/272/224
f 232/273/232 246/296/246 247/280/247
f 224/272/224 240/298/240 225/274/225
f 237/291/237 146/103/146 252/299/252
f 372/105/372 251/287/251 266/300/266
f 245/293/245 259/301/259 260/302/260
f 237/291/237 253/303/253 238/294/238
f 246/296/246 260/304/260 261/305/261
f 238/294/238 254/306/254 239/297/239
f 247/280/247 261/305/261 262/307/262
f 239/297/239 255/308/255 240/298/240
f 248/281/248 262/307/262 263/309/263
f 240/298/240 256/310/256 241/282/241
f 249/283/249 263/309/263 264/311/264
f 241/282/241 257/312/257 242/284/242
f 250/285/250 264/311/264 265/313/265
f 242/284/242 258/314/258 243/286/243
f 251/287/251 265/313/265 266/300/266
f 243/315/243 259/301/259 244/289/244
f 255/308/255 271/316/271 256/310/256
f 264/311/264 278/317/278 279/318/279
f 256/310/256 272/319/272 257/312/257
f 265/313/265 279/318/279 280/320/280
f 257/312/257 273/321/273 258/314/258
f 266/300/266 280/320/280 281/322/281
f 258/323/258 274/324/274 259/301/259
f 252/299/252 146/103/146 267/325/267
f 372/105/372 266/300/266 281/322/281
f 260/302/260 274/324/274 275/326/275
f 252/299/252 268/327/268 253/303/253
f 261/305/261 275/328/275 276/329/276
f 253/303/253 269/330/269 254/306/254
f 262/307/262 276/329/276 277/331/277
f 254/306/254 270/332/270 255/308/255
f 263/309/263 277/331/277 278/317/278
f 275/326/275 289/333/289 290/334/290
f 267/325/267 283/335/283 268/327/268
f 276/329/276 290/336/290 291/337/291
f 268/327/268 284/338/284 269/330/269
f 277/331/277 291/337/291 292/339/292
f 269/330/269 285/340/285 270/332/270
f 278/317/278 292/339/292 293/341/293
f 270/332/270 286/342/286 271/316/271
f 279/318/279 293/341/293 294/343/294
f 271/316/271 287/344/287 272/319/272
f 280/320/280 294/343/294 295/345/295
f 272/319/272 288/346/288 273/321/273
f 281/322/281 295/345/295 296/347/296
f 273/348/273 289/333/289 274/324/274
f 267/325/267 146/103/146 282/349/282
f 372/105/372 281/322/281 296/347/296
f 294/343/294 308/350/308 309/351/309
f 286/342/286 302/352/302 287/344/287
f 295/345/295 309/351/309 310/353/310
f 287/344/287 303/354/303 288/346/288
f 296/347/296 310/353/310 311/355/311
f 288/356/288 304/357/304 289/333/289
f 282/349/282 146/103/146 297/358/297
f 372/105/372 296/347/296 311/355/311
f 290/334/290 304/357/304 305/359/305
f 282/349/282 298/360/298 283/335/283
f 291/337/291 305/361/305 306/362/306
f 283/335/283 299/363/299 284/338/284
f 292/339/292 306/362/306 307/364/307
f 284/338/284 300/365/300 285/340/285
f 293/341/293 307/364/307 308/350/308
f 285/340/285 301/366/301 286/342/286
f 298/360/298 312/367/312 313/368/313
f 305/361/305 321/369/321 306/362/306
f 299/363/299 313/368/313 314/370/314
f 306/362/306 322/371/322 307/364/307
f 300/365/300 314/370/314 315/372/315
f 307/364/307 323/373/323 308/350/308
f 301/366/301 315/372/315 316/374/316
f 308/350/308 324/375/324 309/351/309
f 302/352/302 316/374/316 317/376/317
f 309/351/309 325/377/325 310/353/310
f 303/354/303 317/376/317 318/378/318
f 310/353/310 326/379/326 311/355/311
f 304/357/304 318/380/318 319/381/319
f 297/358/297 146/103/146 312/367/312
f 372/105/372 311/355/311 326/379/326
f 304/357/304 320/382/320 305/359/305
f 317/376/317 331/383/331 332/384/332
f 324/375/324 340/385/340 325/377/325
f 318/378/318 332/384/332 333/386/333
f 325/377/325 341/387/341 326/379/326
f 319/381/319 333/388/333 334/389/334
f 312/367/312 146/103/146 327/390/327
f 372/105/372 326/379/326 341/387/341
f 319/381/319 335/391/335 320/382/320
f 313/368/313 327/390/327 328/392/328
f 320/393/320 336/394/336 321/369/321
f 314/370/314 328/392/328 329/395/329
f 321/369/321 337/396/337 322/371/322
f 315/372/315 329/395/329 330/397/330
f 322/371/322 338/398/338 323/373/323
f 316/374/316 330/397/330 331/383/331
f 323/373/323 339/399/339 324/375/324
f 335/400/335 351/401/351 336/394/336
f 329/395/329 343/402/343 344/403/344
f 336/394/336 352/404/352 337/396/337
f 330/397/330 344/403/344 345/405/345
f 337/396/337 353/406/353 338/398/338
f 331/383/331 345/405/345 346/407/346
f 338/398/338 354/408/354 339/399/339
f 332/384/332 346/407/346 347/409/347
f 339/399/339 355/410/355 340/385/340
f 333/386/333 347/409/347 348/411/348
f 340/385/340 356/412/356 341/387/341
f 334/389/334 348/413/348 349/414/349
f 327/390/327 146/103/146 342/415/342
f 372/105/372 341/387/341 356/412/356
f 334/389/334 350/416/350 335/391/335
f 328/392/328 342/415/342 343/402/343
f 354/408/354 370/417/370 355/410/355
f 348/411/348 362/418/362 363/419/363
f 355/410/355 371/420/371 356/412/356
f 349/414/349 363/421/363 364/422/364
f 342/415/342 146/103/146 357/423/357
f 372/105/372 356/412/356 371/420/371
f 349/414/349 365/424/365 350/416/350
f 343/402/343 357/423/357 358/425/358
f 350/426/350 366/427/366 351/401/351
f 344/403/344 358/425/358 359/428/359
f 351/401/351 367/429/367 352/404/352
f 345/405/345 359/428/359 360/430/360
f 352/404/352 368/431/368 353/406/353
f 346/407/346 360/430/360 361/432/361
f 353/406/353 369/433/369 354/408/354
f 347/409/347 361/432/361 362/418/362
f 366/427/366 383/434/383 367/429/367
f 360/430/360 375/435/375 376/436/376
f 367/429/367 384/437/384 368/431/368
f 361/432/361 376/436/376 377/438/377
f 368/431/368 385/439/385 369/433/369
f 362/418/362 377/438/377 378/440/378
f 369/433/369 386/441/386 370/417/370
f 363/419/363 378/440/378 379/442/379
f 370/417/370 387/443/387 371/420/371
f 364/422/364 379/444/379 380/445/380
f 357/423/357 146/103/146 373/446/373
f 372/105/372 371/420/371 387/443/387
f 364/422/364 381/447/381 365/424/365
f 358/425/358 373/446/373 374/448/374
f 365/449/365 382/450/382 366/427/366
f 359/428/359 374/448/374 375/435/375
f 386/441/386 402/451/402 387/443/387
f 380/452/380 394/453/394 395/454/395
f 373/446/373 146/103/146 388/455/388
f 372/105/372 387/443/387 402/451/402
f 380/452/380 396/456/396 381/457/381
f 374/448/374 388/455/388 389/458/389
f 381/459/381 397/460/397 382/450/382
f 375/435/375 389/458/389 390/461/390
f 382/450/382 398/462/398 383/434/383
f 376/436/376 390/461/390 391/463/391
f 383/434/383 399/464/399 384/437/384
f 377/438/377 391/463/391 392/465/392
f 384/437/384 400/466/400 385/439/385
f 378/440/378 392/465/392 393/467/393
f 385/439/385 401/468/401 386/441/386
f 379/442/379 393/467/393 394/469/394
f 391/463/391 405/470/405 406/471/406
f 398/462/398 414/472/414 399/464/399
f 392/465/392 406/471/406 407/473/407
f 399/464/399 415/474/415 400/466/400
f 393/467/393 407/473/407 408/475/408
f 400/466/400 416/476/416 401/468/401
f 394/469/394 408/475/408 409/477/409
f 401/468/401 417/478/417 402/451/402
f 395/454/395 409/479/409 410/480/410
f 388/455/388 146/103/146 403/481/403
f 372/105/372 402/451/402 417/478/417
f 395/454/395 411/482/411 396/456/396
f 389/458/389 403/481/403 404/483/404
f 396/484/396 412/485/412 397/460/397
f 390/461/390 404/483/404 405/470/405
f 397/460/397 413/486/413 398/462/398
f 410/480/410 424/487/424 425/488/425
f 403/481/403 146/103/146 418/489/418
f 372/105/372 417/478/417 432/490/432
f 410/480/410 426/491/426 411/482/411
f 404/483/404 418/489/418 419/492/419
f 411/493/411 427/494/427 412/485/412
f 405/470/405 419/492/419 420/495/420
f 412/485/412 428/496/428 413/486/413
f 406/471/406 420/495/420 421/497/421
f 413/486/413 429/498/429 414/472/414
f 407/473/407 421/497/421 422/499/422
f 414/472/414 430/500/430 415/474/415
f 408/475/408 422/499/422 423/501/423
f 415/474/415 431/502/431 416/476/416
f 409/477/409 423/501/423 424/503/424
f 416/476/416 432/490/432 417/478/417
f 429/498/429 443/504/443 444/505/444
f 421/497/421 437/506/437 422/499/422
f 430/500/430 444/505/444 445/507/445
f 422/499/422 438/508/438 423/501/423
f 431/502/431 445/507/445 446/509/446
f 423/501/423 439/510/439 424/503/424
f 432/490/432 446/509/446 447/511/447
f 424/487/424 440/512/440 425/488/425
f 418/489/418 146/103/146 433/513/433
f 372/105/372 432/490/432 447/511/447
f 426/491/426 440/512/440 441/514/441
f 418/489/418 434/515/434 419/492/419
f 427/494/427 441/516/441 442/517/442
f 419/492/419 435/518/435 420/495/420
f 428/496/428 442/517/442 443/504/443
f 420/495/420 436/519/436 421/497/421
f 433/513/433 146/103/146 448/520/448
f 372/105/372 447/511/447 462/521/462
f 441/514/441 455/522/455 456/523/456
f 433/513/433 449/524/449 434/515/434
f 442/517/442 456/525/456 457/526/457
f 434/515/434 450/527/450 435/518/435
f 443/504/443 457/526/457 458/528/458
f 435/518/435 451/529/451 436/519/436
f 444/505/444 458/528/458 459/530/459
f 436/519/436 452/531/452 437/506/437
f 445/507/445 459/530/459 460/532/460
f 437/506/437 453/533/453 438/508/438
f 446/509/446 460/532/460 461/534/461
f 438/508/438 454/535/454 439/510/439
f 447/511/447 461/534/461 462/521/462
f 439/536/439 455/522/455 440/512/440
f 451/529/451 467/537/467 452/531/452
f 460/532/460 474/538/474 475/539/475
f 452/531/452 468/540/468 453/533/453
f 461/534/461 475/539/475 476/541/476
f 453/533/453 469/542/469 454/535/454
f 462/521/462 476/541/476 477/543/477
f 454/544/454 470/545/470 455/522/455
f 448/520/448 146/103/146 463/546/463
f 372/105/372 462/521/462 477/543/477
f 456/523/456 470/545/470 471/547/471
f 448/520/448 464/548/464 449/524/449
f 457/526/457 471/549/471 472/550/472
f 449/524/449 465/551/465 450/527/450
f 458/528/458 472/550/472 473/552/473
f 450/527/450 466/553/466 451/529/451
f 459/530/459 473/552/473 474/538/474
f 471/554/471 485/555/485 486/556/486
f 463/546/463 479/557/479 464/548/464
f 472/550/472 486/558/486 487/559/487
f 464/548/464 480/560/480 465/551/465
f 473/552/473 487/559/487 488/561/488
f 465/551/465 481/562/481 466/553/466
f 474/538/474 488/561/488 489/563/489
f 466/553/466 482/564/482 467/537/467
f 475/539/475 489/563/489 490/565/490
f 467/537/467 483/566/483 468/540/468
f 476/541/476 490/565/490 491/567/491
f 468/540/468 484/568/484 469/542/469
f 477/543/477 491/567/491 492/569/492
f 469/570/469 485/555/485 470/571/470
f 463/546/463 146/103/146 478/572/478
f 372/105/372 477/543/477 492/569/492
f 490/565/490 504/573/504 505/574/505
f 482/564/482 498/575/498 483/566/483
f 491/567/491 505/574/505 506/576/506
f 483/566/483 499/577/499 484/568/484
f 492/569/492 506/576/506 507/578/507
f 484/579/484 500/580/500 485/555/485
f 478/572/478 146/103/146 493/581/493
f 372/105/372 492/569/492 507/578/507
f 486/556/486 500/580/500 501/582/501
f 478/572/478 494/583/494 479/557/479
f 487/559/487 501/584/501 502/585/502
f 479/557/479 495/586/495 480/560/480
f 488/561/488 502/585/502 503/587/503
f 480/560/480 496/588/496 481/562/481
f 489/563/489 503/587/503 504/573/504
f 481/562/481 497/589/497 482/564/482
f 502/585/502 516/590/516 517/591/517
f 494/583/494 510/592/510 495/586/495
f 503/587/503 517/591/517 518/593/518
f 495/586/495 511/594/511 496/588/496
f 504/573/504 518/593/518 519/595/519
f 496/588/496 512/596/512 497/589/497
f 505/574/505 519/595/519 520/597/520
f 497/589/497 513/598/513 498/575/498
f 506/576/506 520/597/520 521/599/521
f 498/575/498 514/600/514 499/577/499
f 507/578/507 521/599/521 522/601/522
f 499/602/499 515/603/515 500/580/500
f 493/581/493 146/103/146 508/604/508
f 372/105/372 507/578/507 522/601/522
f 501/582/501 515/603/515 516/605/516
f 493/581/493 509/606/509 494/583/494
f 521/599/521 535/607/535 536/608/536
f 513/598/513 529/609/529 514/600/514
f 522/601/522 536/608/536 537/610/537
f 514/611/514 530/612/530 515/603/515
f 508/604/508 146/103/146 523/613/523
f 372/105/372 522/601/522 537/610/537
f 516/605/516 530/612/530 531/614/531
f 508/604/508 524/615/524 509/606/509
f 517/591/517 531/616/531 532/617/532
f 509/606/509 525/618/525 510/592/510
f 518/593/518 532/617/532 533/619/533
f 510/592/510 526/620/526 511/594/511
f 519/595/519 533/619/533 534/621/534
f 511/594/511 527/622/527 512/596/512
f 520/597/520 534/621/534 535/607/535
f 512/596/512 528/623/528 513/598/513
f 524/615/524 65/78/65 525/618/525
f 533/619/533 542/77/542 70/82/70
f 525/618/525 540/83/540 526/620/526
f 534/621/534 70/82/70 543/86/543
f 526/620/526 66/87/66 527/622/527
f 535/607/535 543/86/543 544/90/544
f 527/622/527 541/91/541 528/623/528
f 536/608/536 544/90/544 545/94/545
f 528/623/528 67/95/67 529/609/529
f 537/610/537 545/94/545 546/98/546
f 529/624/529 68/99/68 530/612/530
f 523/613/523 146/103/146 538/102/538
f 372/105/372 537/610/537 546/98/546
f 531/614/531 68/99/68 69/107/69
f 523/613/523 539/108/539 524/615/524
f 532/617/532 69/75/69 542/77/542
f 2/1/2 4/4/4 3/2/3
f 4/4/4 6/6/6 5/5/5
f 6/6/6 8/8/8 7/7/7
f 8/8/8 10/625/10 9/9/9
f 10/10/10 12/13/12 11/11/11
f 12/13/12 14/15/14 13/14/13
f 14/15/14 16/17/16 15/16/15
f 16/17/16 18/19/18 17/18/17
f 18/19/18 20/21/20 19/20/19
f 20/21/20 22/23/22 21/22/21
f 22/23/22 24/25/24 23/24/23
f 24/25/24 26/626/26 25/26/25
f 26/27/26 28/30/28 27/28/27
f 28/30/28 30/32/30 29/31/29
f 30/32/30 32/34/32 31/33/31
f 32/34/32 34/36/34 33/35/33
f 34/36/34 36/38/36 35/37/35
f 36/38/36 38/40/38 37/39/37
f 38/40/38 40/42/40 39/41/39
f 40/42/40 42/627/42 41/43/41
f 42/44/42 44/47/44 43/45/43
f 44/47/44 46/49/46 45/48/45
f 46/49/46 48/51/48 47/50/47
f 48/51/48 50/53/50 49/52/49
f 50/53/50 52/55/52 51/54/51
f 52/55/52 54/57/54 53/56/53
f 54/57/54 56/59/56 55/58/55
f 56/59/56 58/628/58 57/60/57
f 58/61/58 60/64/60 59/62/59
f 60/64/60 62/69/62 61/65/61
f 6/68/6 4/629/4 2/630/2
f 2/630/2 64/631/64 62/632/62
f 62/632/62 60/633/60 58/634/58
f 58/634/58 56/635/56 54/636/54
f 54/636/54 52/637/52 50/638/50
f 50/638/50 48/639/48 46/640/46
f 46/640/46 44/641/44 42/642/42
f 42/642/42 40/643/40 38/66/38
f 38/66/38 36/644/36 34/645/34
f 34/645/34 32/646/32 30/647/30
f 30/647/30 28/648/28 26/649/26
f 26/649/26 24/650/24 22/67/22
f 22/67/22 20/651/20 18/652/18
f 18/652/18 16/653/16 14/654/14
f 14/654/14 12/655/12 10/656/10
f 10/656/10 8/657/8 6/68/6
f 6/68/6 2/630/2 62/632/62
f 62/632/62 58/634/58 54/636/54
f 54/636/54 50/638/50 46/640/46
f 46/640/46 42/642/42 38/66/38
f 38/66/38 34/645/34 30/647/30
f 30/647/30 26/649/26 22/67/22
f 22/67/22 18/652/18 14/654/14
f 14/654/14 10/656/10 6/68/6
f 6/68/6 62/632/62 54/636/54
f 54/636/54 46/640/46 38/66/38
f 38/66/38 30/647/30 22/67/22
f 22/67/22 14/654/14 6/68/6
f 6/68/6 54/636/54 38/66/38
f 62/69/62 64/71/64 63/70/63
f 64/71/64 2/1/2 1/3/1
f 63/74/63 1/658/1 3/659/3
f 3/659/3 5/660/5 7/661/7
f 7/661/7 9/662/9 11/663/11
f 11/663/11 13/664/13 15/665/15
f 15/665/15 17/666/17 19/667/19
f 19/667/19 21/668/21 23/669/23
f 23/669/23 25/670/25 27/671/27
f 27/671/27 29/672/29 31/72/31
f 31/72/31 33/673/33 35/674/35
f 35/674/35 37/675/37 39/676/39
f 39/676/39 41/677/41 43/678/43
f 43/678/43 45/679/45 47/73/47
f 47/73/47 49/680/49 51/681/51
f 51/681/51 53/682/53 55/683/55
f 55/683/55 57/684/57 59/685/59
f 59/685/59 61/686/61 63/74/63
f 63/74/63 3/659/3 7/661/7
f 7/661/7 11/663/11 15/665/15
f 15/665/15 19/667/19 23/669/23
f 23/669/23 27/671/27 31/72/31
f 31/72/31 35/674/35 39/676/39
f 39/676/39 43/678/43 47/73/47
f 47/73/47 51/681/51 55/683/55
f 55/683/55 59/685/59 63/74/63
f 63/74/63 7/661/7 15/665/15
f 15/665/15 23/669/23 31/72/31
f 31/72/31 39/676/39 47/73/47
f 47/73/47 55/683/55 63/74/63
f 63/74/63 15/665/15 31/72/31
f 69/75/69 79/113/79 80/76/80
f 65/78/65 539/108/539 72/79/72
f 542/77/542 80/76/80 81/81/81
f 540/83/540 65/78/65 73/80/73
f 70/82/70 81/81/81 82/85/82
f 66/87/66 540/83/540 74/84/74
f 543/86/543 82/85/82 83/89/83
f 541/91/541 66/87/66 75/88/75
f 544/90/544 83/89/83 84/93/84
f 67/95/67 541/91/541 76/92/76
f 545/94/545 84/93/84 85/97/85
f 68/99/68 67/687/67 77/100/77
f 68/99/68 78/101/78 79/106/79
f 539/108/539 538/102/538 71/104/71
f 78/101/78 93/125/93 94/110/94
f 72/79/72 71/104/71 86/111/86
f 79/113/79 94/137/94 95/114/95
f 73/80/73 72/79/72 87/112/87
f 80/76/80 95/114/95 96/116/96
f 74/84/74 73/80/73 88/115/88
f 81/81/81 96/116/96 97/118/97
f 75/88/75 74/84/74 89/117/89
f 82/85/82 97/118/97 98/120/98
f 76/92/76 75/88/75 90/119/90
f 83/89/83 98/120/98 99/122/99
f 77/96/77 76/92/76 91/121/91
f 84/93/84 99/122/99 100/109/100
f 78/101/78 77/100/77 92/124/92
f 97/118/97 112/142/112 113/126/113
f 91/121/91 90/119/90 105/127/105
f 98/120/98 113/126/113 114/129/114
f 92/123/92 91/121/91 106/128/106
f 99/122/99 114/129/114 115/131/115
f 93/125/93 92/124/92 107/132/107
f 93/125/93 108/133/108 109/135/109
f 87/112/87 86/111/86 101/134/101
f 94/137/94 109/145/109 110/138/110
f 88/115/88 87/112/87 102/136/102
f 95/114/95 110/138/110 111/140/111
f 89/117/89 88/115/88 103/139/103
f 96/116/96 111/140/111 112/142/112
f 90/119/90 89/117/89 104/141/104
f 102/136/102 101/134/101 116/143/116
f 109/145/109 124/172/124 125/146/125
f 103/139/103 102/136/102 117/144/117
f 110/138/110 125/146/125 126/148/126
f 104/141/104 103/139/103 118/147/118
f 111/140/111 126/148/126 127/150/127
f 105/127/105 104/141/104 119/149/119
f 112/142/112 127/150/127 128/152/128
f 106/128/106 105/127/105 120/151/120
f 113/126/113 128/152/128 129/154/129
f 107/130/107 106/128/106 121/153/121
f 114/129/114 129/154/129 130/156/130
f 108/133/108 107/132/107 122/157/122
f 108/133/108 123/158/123 124/159/124
f 121/153/121 120/151/120 135/160/135
f 128/152/128 143/178/143 144/162/144
f 122/155/122 121/153/121 136/161/136
f 129/154/129 144/162/144 145/164/145
f 123/165/123 122/688/122 137/166/137
f 123/165/123 138/167/138 139/169/139
f 117/144/117 116/143/116 131/168/131
f 124/172/124 139/179/139 140/173/140
f 118/147/118 117/144/117 132/171/132
f 125/146/125 140/173/140 141/175/141
f 119/149/119 118/147/118 133/174/133
f 126/148/126 141/175/141 142/177/142
f 120/151/120 119/149/119 134/176/134
f 127/150/127 142/177/142 143/178/143
f 139/179/139 155/205/155 156/180/156
f 133/174/133 132/171/132 148/181/148
f 140/173/140 156/180/156 157/183/157
f 134/176/134 133/174/133 149/182/149
f 141/175/141 157/183/157 158/185/158
f 135/160/135 134/176/134 150/184/150
f 142/177/142 158/185/158 159/187/159
f 136/161/136 135/160/135 151/186/151
f 143/178/143 159/187/159 160/189/160
f 137/163/137 136/161/136 152/188/152
f 144/162/144 160/189/160 161/191/161
f 138/167/138 137/166/137 153/192/153
f 138/167/138 154/193/154 155/195/155
f 132/171/132 131/168/131 147/194/147
f 159/187/159 174/212/174 175/196/175
f 153/190/153 152/188/152 167/197/167
f 160/189/160 175/196/175 176/199/176
f 154/193/154 153/192/153 168/200/168
f 154/193/154 169/201/169 170/203/170
f 148/181/148 147/194/147 162/202/162
f 155/205/155 170/228/170 171/206/171
f 149/182/149 148/181/148 163/204/163
f 156/180/156 171/206/171 172/208/172
f 150/184/150 149/182/149 164/207/164
f 157/183/157 172/208/172 173/210/173
f 151/186/151 150/184/150 165/209/165
f 158/185/158 173/210/173 174/212/174
f 152/188/152 151/186/151 166/211/166
f 164/207/164 163/204/163 178/213/178
f 171/206/171 186/229/186 187/215/187
f 165/209/165 164/207/164 179/214/179
f 172/208/172 187/215/187 188/217/188
f 166/211/166 165/209/165 180/216/180
f 173/210/173 188/217/188 189/219/189
f 167/197/167 166/211/166 181/218/181
f 174/212/174 189/219/189 190/221/190
f 168/198/168 167/197/167 182/220/182
f 175/196/175 190/221/190 191/223/191
f 169/201/169 168/200/168 183/224/183
f 169/201/169 184/225/184 185/227/185
f 163/204/163 162/202/162 177/226/177
f 170/228/170 185/689/185 186/229/186
f 182/220/182 197/245/197 198/230/198
f 191/223/191 190/221/190 205/231/205
f 183/224/183 198/256/198 199/233/199
f 185/227/185 184/225/184 199/233/199
f 177/226/177 192/234/192 193/236/193
f 186/229/186 185/689/185 200/237/200
f 178/213/178 193/236/193 194/239/194
f 187/215/187 186/229/186 201/238/201
f 179/214/179 194/239/194 195/241/195
f 188/217/188 187/215/187 202/240/202
f 180/216/180 195/241/195 196/243/196
f 189/219/189 188/217/188 203/242/203
f 181/218/181 196/243/196 197/245/197
f 190/221/190 189/219/189 204/244/204
f 202/240/202 201/238/201 216/246/216
f 194/239/194 209/262/209 210/248/210
f 203/242/203 202/240/202 217/247/217
f 195/241/195 210/248/210 211/250/211
f 204/244/204 203/242/203 218/249/218
f 196/243/196 211/250/211 212/252/212
f 205/231/205 204/244/204 219/251/219
f 197/245/197 212/252/212 213/254/213
f 206/232/206 205/231/205 220/253/220
f 198/256/198 213/265/213 214/257/214
f 200/235/200 199/233/199 214/257/214
f 192/234/192 207/258/207 208/260/208
f 201/238/201 200/237/200 215/261/215
f 193/236/193 208/260/208 209/262/209
f 221/255/221 220/253/220 235/263/235
f 213/265/213 228/690/228 229/266/229
f 215/259/215 214/257/214 229/266/229
f 207/258/207 222/267/222 223/269/223
f 216/246/216 215/261/215 230/270/230
f 208/260/208 223/269/223 224/272/224
f 217/247/217 216/246/216 231/271/231
f 209/262/209 224/272/224 225/274/225
f 218/249/218 217/247/217 232/273/232
f 210/248/210 225/274/225 226/276/226
f 219/251/219 218/249/218 233/275/233
f 211/250/211 226/276/226 227/278/227
f 220/253/220 219/251/219 234/277/234
f 212/252/212 227/278/227 228/279/228
f 233/275/233 232/273/232 247/280/247
f 225/274/225 240/298/240 241/282/241
f 234/277/234 233/275/233 248/281/248
f 226/276/226 241/282/241 242/284/242
f 235/263/235 234/277/234 249/283/249
f 227/278/227 242/284/242 243/286/243
f 236/264/236 235/263/235 250/285/250
f 228/288/228 243/315/243 244/289/244
f 230/292/230 229/290/229 244/289/244
f 222/267/222 237/291/237 238/294/238
f 231/271/231 230/270/230 245/295/245
f 223/269/223 238/294/238 239/297/239
f 232/273/232 231/271/231 246/296/246
f 224/272/224 239/297/239 240/298/240
f 245/293/245 244/289/244 259/301/259
f 237/291/237 252/299/252 253/303/253
f 246/296/246 245/295/245 260/304/260
f 238/294/238 253/303/253 254/306/254
f 247/280/247 246/296/246 261/305/261
f 239/297/239 254/306/254 255/308/255
f 248/281/248 247/280/247 262/307/262
f 240/298/240 255/308/255 256/310/256
f 249/283/249 248/281/248 263/309/263
f 241/282/241 256/310/256 257/312/257
f 250/285/250 249/283/249 264/311/264
f 242/284/242 257/312/257 258/314/258
f 251/287/251 250/285/250 265/313/265
f 243/315/243 258/323/258 259/301/259
f 255/308/255 270/332/270 271/316/271
f 264/311/264 263/309/263 278/317/278
f 256/310/256 271/316/271 272/319/272
f 265/313/265 264/311/264 279/318/279
f 257/312/257 272/319/272 273/321/273
f 266/300/266 265/313/265 280/320/280
f 258/323/258 273/348/273 274/324/274
f 260/302/260 259/301/259 274/324/274
f 252/299/252 267/325/267 268/327/268
f 261/305/261 260/304/260 275/328/275
f 253/303/253 268/327/268 269/330/269
f 262/307/262 261/305/261 276/329/276
f 254/306/254 269/330/269 270/332/270
f 263/309/263 262/307/262 277/331/277
f 275/326/275 274/324/274 289/333/289
f 267/325/267 282/349/282 283/335/283
f 276/329/276 275/328/275 290/336/290
f 268/327/268 283/335/283 284/338/284
f 277/331/277 276/329/276 291/337/291
f 269/330/269 284/338/284 285/340/285
f 278/317/278 277/331/277 292/339/292
f 270/332/270 285/340/285 286/342/286
f 279/318/279 278/317/278 293/341/293
f 271/316/271 286/342/286 287/344/287
f 280/320/280 279/318/279 294/343/294
f 272/319/272 287/344/287 288/346/288
f 281/322/281 280/320/280 295/345/295
f 273/348/273 288/356/288 289/333/289
f 294/343/294 293/341/293 308/350/308
f 286/342/286 301/366/301 302/352/302
f 295/345/295 294/343/294 309/351/309
f 287/344/287 302/352/302 303/354/303
f 296/347/296 295/345/295 310/353/310
f 288/356/288 303/691/303 304/357/304
f 290/334/290 289/333/289 304/357/304
f 282/349/282 297/358/297 298/360/298
f 291/337/291 290/336/290 305/361/305
f 283/335/283 298/360/298 299/363/299
f 292/339/292 291/337/291 306/362/306
f 284/338/284 299/363/299 300/365/300
f 293/341/293 292/339/292 307/364/307
f 285/340/285 300/365/300 301/366/301
f 298/360/298 297/358/297 312/367/312
f 305/361/305 320/393/320 321/369/321
f 299/363/299 298/360/298 313/368/313
f 306/362/306 321/369/321 322/371/322
f 300/365/300 299/363/299 314/370/314
f 307/364/307 322/371/322 323/373/323
f 301/366/301 300/365/300 315/372/315
f 308/350/308 323/373/323 324/375/324
f 302/352/302 301/366/301 316/374/316
f 309/351/309 324/375/324 325/377/325
f 303/354/303 302/352/302 317/376/317
f 310/353/310 325/377/325 326/379/326
f 304/357/304 303/691/303 318/380/318
f 304/357/304 319/381/319 320/382/320
f 317/376/317 316/374/316 331/383/331
f 324/375/324 339/399/339 340/385/340
f 318/378/318 317/376/317 332/384/332
f 325/377/325 340/385/340 341/387/341
f 319/381/319 318/380/318 333/388/333
f 319/381/319 334/389/334 335/391/335
f 313/368/313 312/367/312 327/390/327
f 320/393/320 335/400/335 336/394/336
f 314/370/314 313/368/313 328/392/328
f 321/369/321 336/394/336 337/396/337
f 315/372/315 314/370/314 329/395/329
f 322/371/322 337/396/337 338/398/338
f 316/374/316 315/372/315 330/397/330
f 323/373/323 338/398/338 339/399/339
f 335/400/335 350/426/350 351/401/351
f 329/395/329 328/392/328 343/402/343
f 336/394/336 351/401/351 352/404/352
f 330/397/330 329/395/329 344/403/344
f 337/396/337 352/404/352 353/406/353
f 331/383/331 330/397/330 345/405/345
f 338/398/338 353/406/353 354/408/354
f 332/384/332 331/383/331 346/407/346
f 339/399/339 354/408/354 355/410/355
f 333/386/333 332/384/332 347/409/347
f 340/385/340 355/410/355 356/412/356
f 334/389/334 333/388/333 348/413/348
f 334/389/334 349/414/349 350/416/350
f 328/392/328 327/390/327 342/415/342
f 354/408/354 369/433/369 370/417/370
f 348/411/348 347/409/347 362/418/362
f 355/410/355 370/417/370 371/420/371
f 349/414/349 348/413/348 363/421/363
f 349/414/349 364/422/364 365/424/365
f 343/402/343 342/415/342 357/423/357
f 350/426/350 365/449/365 366/427/366
f 344/403/344 343/402/343 358/425/358
f 351/401/351 366/427/366 367/429/367
f 345/405/345 344/403/344 359/428/359
f 352/404/352 367/429/367 368/431/368
f 346/407/346 345/405/345 360/430/360
f 353/406/353 368/431/368 369/433/369
f 347/409/347 346/407/346 361/432/361
f 366/427/366 382/450/382 383/434/383
f 360/430/360 359/428/359 375/435/375
f 367/429/367 383/434/383 384/437/384
f 361/432/361 360/430/360 376/436/376
f 368/431/368 384/437/384 385/439/385
f 362/418/362 361/432/361 377/438/377
f 369/433/369 385/439/385 386/441/386
f 363/419/363 362/418/362 378/440/378
f 370/417/370 386/441/386 387/443/387
f 364/422/364 363/421/363 379/444/379
f 364/422/364 380/445/380 381/447/381
f 358/425/358 357/423/357 373/446/373
f 365/449/365 381/459/381 382/450/382
f 359/428/359 358/425/358 374/448/374
f 386/441/386 401/468/401 402/451/402
f 380/452/380 379/692/379 394/453/394
f 380/452/380 395/454/395 396/456/396
f 374/448/374 373/446/373 388/455/388
f 381/459/381 396/484/396 397/460/397
f 375/435/375 374/448/374 389/458/389
f 382/450/382 397/460/397 398/462/398
f 376/436/376 375/435/375 390/461/390
f 383/434/383 398/462/398 399/464/399
f 377/438/377 376/436/376 391/463/391
f 384/437/384 399/464/399 400/466/400
f 378/440/378 377/438/377 392/465/392
f 385/439/385 400/466/400 401/468/401
f 379/442/379 378/440/378 393/467/393
f 391/463/391 390/461/390 405/470/405
f 398/462/398 413/486/413 414/472/414
f 392/465/392 391/463/391 406/471/406
f 399/464/399 414/472/414 415/474/415
f 393/467/393 392/465/392 407/473/407
f 400/466/400 415/474/415 416/476/416
f 394/469/394 393/467/393 408/475/408
f 401/468/401 416/476/416 417/478/417
f 395/454/395 394/453/394 409/479/409
f 395/454/395 410/480/410 411/482/411
f 389/458/389 388/455/388 403/481/403
f 396/484/396 411/493/411 412/485/412
f 390/461/390 389/458/389 404/483/404
f 397/460/397 412/485/412 413/486/413
f 410/480/410 409/479/409 424/487/424
f 410/480/410 425/488/425 426/491/426
f 404/483/404 403/481/403 418/489/418
f 411/493/411 426/693/426 427/494/427
f 405/470/405 404/483/404 419/492/419
f 412/485/412 427/494/427 428/496/428
f 406/471/406 405/470/405 420/495/420
f 413/486/413 428/496/428 429/498/429
f 407/473/407 406/471/406 421/497/421
f 414/472/414 429/498/429 430/500/430
f 408/475/408 407/473/407 422/499/422
f 415/474/415 430/500/430 431/502/431
f 409/477/409 408/475/408 423/501/423
f 416/476/416 431/502/431 432/490/432
f 429/498/429 428/496/428 443/504/443
f 421/497/421 436/519/436 437/506/437
f 430/500/430 429/498/429 444/505/444
f 422/499/422 437/506/437 438/508/438
f 431/502/431 430/500/430 445/507/445
f 423/501/423 438/508/438 439/510/439
f 432/490/432 431/502/431 446/509/446
f 424/487/424 439/536/439 440/512/440
f 426/491/426 425/488/425 440/512/440
f 418/489/418 433/513/433 434/515/434
f 427/494/427 426/693/426 441/516/441
f 419/492/419 434/515/434 435/518/435
f 428/496/428 427/494/427 442/517/442
f 420/495/420 435/518/435 436/519/436
f 441/514/441 440/512/440 455/522/455
f 433/513/433 448/520/448 449/524/449
f 442/517/442 441/516/441 456/525/456
f 434/515/434 449/524/449 450/527/450
f 443/504/443 442/517/442 457/526/457
f 435/518/435 450/527/450 451/529/451
f 444/505/444 443/504/443 458/528/458
f 436/519/436 451/529/451 452/531/452
f 445/507/445 444/505/444 459/530/459
f 437/506/437 452/531/452 453/533/453
f 446/509/446 445/507/445 460/532/460
f 438/508/438 453/533/453 454/535/454
f 447/511/447 446/509/446 461/534/461
f 439/536/439 454/544/454 455/522/455
f 451/529/451 466/553/466 467/537/467
f 460/532/460 459/530/459 474/538/474
f 452/531/452 467/537/467 468/540/468
f 461/534/461 460/532/460 475/539/475
f 453/533/453 468/540/468 469/542/469
f 462/521/462 461/534/461 476/541/476
f 454/544/454 469/694/469 470/545/470
f 456/523/456 455/522/455 470/545/470
f 448/520/448 463/546/463 464/548/464
f 457/526/457 456/525/456 471/549/471
f 449/524/449 464/548/464 465/551/465
f 458/528/458 457/526/457 472/550/472
f 450/527/450 465/551/465 466/553/466
f 459/530/459 458/528/458 473/552/473
f 471/554/471 470/571/470 485/555/485
f 463/546/463 478/572/478 479/557/479
f 472/550/472 471/549/471 486/558/486
f 464/548/464 479/557/479 480/560/480
f 473/552/473 472/550/472 487/559/487
f 465/551/465 480/560/480 481/562/481
f 474/538/474 473/552/473 488/561/488
f 466/553/466 481/562/481 482/564/482
f 475/539/475 474/538/474 489/563/489
f 467/537/467 482/564/482 483/566/483
f 476/541/476 475/539/475 490/565/490
f 468/540/468 483/566/483 484/568/484
f 477/543/477 476/541/476 491/567/491
f 469/570/469 484/579/484 485/555/485
f 490/565/490 489/563/489 504/573/504
f 482/564/482 497/589/497 498/575/498
f 491/567/491 490/565/490 505/574/505
f 483/566/483 498/575/498 499/577/499
f 492/569/492 491/567/491 506/576/506
f 484/579/484 499/602/499 500/580/500
f 486/556/486 485/555/485 500/580/500
f 478/572/478 493/581/493 494/583/494
f 487/559/487 486/558/486 501/584/501
f 479/557/479 494/583/494 495/586/495
f 488/561/488 487/559/487 502/585/502
f 480/560/480 495/586/495 496/588/496
f 489/563/489 488/561/488 503/587/503
f 481/562/481 496/588/496 497/589/497
f 502/585/502 501/584/501 516/590/516
f 494/583/494 509/606/509 510/592/510
f 503/587/503 502/585/502 517/591/517
f 495/586/495 510/592/510 511/594/511
f 504/573/504 503/587/503 518/593/518
f 496/588/496 511/594/511 512/596/512
f 505/574/505 504/573/504 519/595/519
f 497/589/497 512/596/512 513/598/513
f 506/576/506 505/574/505 520/597/520
f 498/575/498 513/598/513 514/600/514
f 507/578/507 506/576/506 521/599/521
f 499/602/499 514/611/514 515/603/515
f 501/582/501 500/580/500 515/603/515
f 493/581/493 508/604/508 509/606/509
f 521/599/521 520/597/520 535/607/535
f 513/598/513 528/623/528 529/609/529
f 522/601/522 521/599/521 536/608/536
f 514/611/514 529/624/529 530/612/530
f 516/605/516 515/603/515 530/612/530
f 508/604/508 523/613/523 524/615/524
f 517/591/517 516/590/516 531/616/531
f 509/606/509 524/615/524 525/618/525
f 518/593/518 517/591/517 532/617/532
f 510/592/510 525/618/525 526/620/526
f 519/595/519 518/593/518 533/619/533
f 511/594/511 526/620/526 527/622/527
f 520/597/520 519/595/519 534/621/534
f 512/596/512 527/622/527 528/623/528
f 524/615/524 539/108/539 65/78/65
f 533/619/533 532/617/532 542/77/542
f 525/618/525 65/78/65 540/83/540
f 534/621/534 533/619/533 70/82/70
f 526/620/526 540/83/540 66/87/66
f 535/607/535 534/621/534 543/86/543
f 527/622/527 66/87/66 541/91/541
f 536/608/536 535/607/535 544/90/544
f 528/623/528 541/91/541 67/95/67
f 537/610/537 536/608/536 545/94/545
f 529/624/529 67/687/67 68/99/68
f 531/614/531 530/612/530 68/99/68
f 523/613/523 538/102/538 539/108/539
f 532/617/532 531/616/531 69/75/69
